

Software Version	2.06.10



Experiment File Path:	E:\MSc Growth Curves\Control Curves.xpt
Protocol File Path:	C:\Users\Public\Documents\Experiments\Emma\Sam\OD_reads.prt



Plate Number	Plate 1
Date	6/8/2018
Time	2:36:41 PM
Reader Type:	Synergy 2
Reader Serial Number:	Unknown
Reading Type	Reader

Procedure Details

Plate Type	96 WELL PLATE
Start Kinetic	Runtime 48:00:00 (HH:MM:SS), Interval 1:00:00, 49 Reads
    Shake	Medium, 0:05 (MM:SS)
    Read	Absorbance Endpoint
	Full Plate
	Wavelengths:  590
	Read Speed: Normal,  Delay: 100 msec,  Measurements/Data Point: 8
End Kinetic	

590

Time	T° 590	A1	A2	A3	A4	A5	A6	A7	A8	A9	A10	A11	A12	B1	B2	B3	B4	B5	B6	B7	B8	B9	B10	B11	B12	C1	C2	C3	C4	C5	C6	C7	C8	C9	C10	C11	C12	D1	D2	D3	D4	D5	D6	D7	D8	D9	D10	D11	D12	E1	E2	E3	E4	E5	E6	E7	E8	E9	E10	E11	E12	F1	F2	F3	F4	F5	F6	F7	F8	F9	F10	F11	F12	G1	G2	G3	G4	G5	G6	G7	G8	G9	G10	G11	G12	H1	H2	H3	H4	H5	H6	H7	H8	H9	H10	H11	H12
0:00:06	24.7	0.077	0.079	0.079	0.082	0.047	0.047	0.045	0.045	0.045	0.045	0.049	0.046	0.088	0.085	0.091	0.092	0.048	0.047	0.046	0.046	0.046	0.048	0.046	0.049	0.052	0.052	0.052	0.052	0.047	0.047	0.045	0.045	0.048	0.047	0.045	0.046	0.057	0.057	0.058	0.058	0.044	0.047	0.045	0.047	0.045	0.050	0.045	0.047	0.062	0.059	0.062	0.060	0.048	0.046	0.047	0.045	0.045	0.045	0.045	0.045	0.064	0.063	0.067	0.066	0.046	0.045	0.049	0.045	0.045	0.045	0.045	0.045	0.047	0.045	0.049	0.047	0.047	0.046	0.046	0.048	0.048	0.045	0.045	0.045	0.045	0.049	0.045	0.046	0.045	0.045	0.048	0.049	0.049	0.049	0.045	0.045
1:00:06	25.9	0.081	0.082	0.085	0.086	0.047	0.047	0.045	0.045	0.049	0.045	0.049	0.046	0.102	0.098	0.108	0.108	0.048	0.047	0.046	0.046	0.046	0.049	0.046	0.049	0.052	0.051	0.052	0.052	0.047	0.047	0.045	0.046	0.048	0.047	0.045	0.046	0.058	0.058	0.060	0.059	0.045	0.047	0.046	0.047	0.045	0.050	0.045	0.047	0.063	0.061	0.063	0.061	0.048	0.046	0.047	0.045	0.045	0.045	0.045	0.045	0.064	0.064	0.068	0.067	0.046	0.045	0.049	0.045	0.045	0.045	0.045	0.045	0.047	0.045	0.049	0.047	0.047	0.046	0.046	0.048	0.049	0.045	0.045	0.045	0.045	0.049	0.045	0.046	0.045	0.046	0.048	0.048	0.049	0.049	0.045	0.045
2:00:06	27.0	0.089	0.089	0.092	0.095	0.048	0.047	0.045	0.045	0.045	0.045	0.049	0.046	0.127	0.123	0.132	0.137	0.048	0.047	0.046	0.046	0.046	0.049	0.046	0.049	0.052	0.051	0.052	0.052	0.048	0.047	0.045	0.046	0.048	0.047	0.045	0.046	0.059	0.060	0.062	0.061	0.045	0.047	0.046	0.047	0.046	0.050	0.046	0.047	0.066	0.064	0.066	0.064	0.049	0.046	0.048	0.045	0.045	0.045	0.045	0.045	0.068	0.068	0.071	0.070	0.046	0.046	0.049	0.045	0.046	0.045	0.045	0.045	0.047	0.045	0.049	0.047	0.047	0.046	0.047	0.048	0.049	0.045	0.046	0.045	0.045	0.050	0.046	0.046	0.045	0.045	0.048	0.049	0.049	0.049	0.045	0.045
3:00:06	27.6	0.099	0.099	0.101	0.106	0.047	0.047	0.045	0.045	0.045	0.045	0.048	0.046	0.149	0.145	0.157	0.168	0.048	0.047	0.046	0.046	0.046	0.049	0.046	0.048	0.051	0.051	0.052	0.052	0.047	0.047	0.045	0.045	0.048	0.047	0.045	0.046	0.061	0.061	0.064	0.062	0.044	0.047	0.045	0.047	0.045	0.049	0.045	0.046	0.070	0.068	0.071	0.069	0.048	0.046	0.047	0.044	0.045	0.045	0.045	0.045	0.078	0.079	0.083	0.081	0.046	0.045	0.049	0.045	0.045	0.045	0.045	0.045	0.047	0.045	0.049	0.047	0.047	0.046	0.046	0.048	0.049	0.045	0.045	0.045	0.045	0.050	0.045	0.045	0.045	0.045	0.048	0.049	0.048	0.049	0.045	0.045
4:00:06	28.0	0.113	0.112	0.115	0.122	0.047	0.047	0.045	0.045	0.045	0.045	0.049	0.046	0.179	0.167	0.186	0.202	0.048	0.047	0.045	0.046	0.046	0.048	0.046	0.048	0.051	0.051	0.052	0.052	0.047	0.047	0.045	0.045	0.048	0.047	0.045	0.046	0.063	0.064	0.066	0.064	0.044	0.047	0.045	0.046	0.045	0.049	0.045	0.046	0.079	0.078	0.082	0.079	0.048	0.046	0.047	0.044	0.045	0.045	0.045	0.045	0.100	0.102	0.108	0.102	0.045	0.045	0.048	0.045	0.045	0.045	0.045	0.045	0.047	0.045	0.049	0.047	0.047	0.045	0.046	0.048	0.048	0.045	0.045	0.045	0.045	0.049	0.045	0.045	0.045	0.045	0.048	0.048	0.049	0.049	0.045	0.045
5:00:06	28.1	0.133	0.133	0.133	0.139	0.047	0.047	0.045	0.045	0.046	0.045	0.049	0.046	0.231	0.202	0.227	0.248	0.048	0.047	0.046	0.046	0.046	0.049	0.046	0.048	0.051	0.051	0.052	0.052	0.047	0.047	0.045	0.046	0.048	0.047	0.045	0.046	0.065	0.066	0.069	0.068	0.045	0.047	0.045	0.047	0.046	0.050	0.045	0.047	0.093	0.092	0.100	0.096	0.048	0.046	0.047	0.045	0.045	0.045	0.045	0.045	0.121	0.124	0.134	0.124	0.046	0.045	0.048	0.045	0.045	0.045	0.045	0.045	0.047	0.045	0.049	0.047	0.047	0.046	0.046	0.048	0.049	0.045	0.045	0.045	0.045	0.049	0.045	0.046	0.045	0.045	0.048	0.048	0.049	0.049	0.045	0.045
6:00:06	28.0	0.158	0.159	0.162	0.170	0.047	0.047	0.045	0.045	0.045	0.045	0.049	0.046	0.264	0.245	0.273	0.282	0.048	0.047	0.046	0.046	0.046	0.049	0.046	0.048	0.051	0.051	0.052	0.052	0.047	0.047	0.045	0.046	0.048	0.047	0.045	0.046	0.068	0.070	0.073	0.071	0.045	0.047	0.045	0.047	0.045	0.049	0.045	0.048	0.111	0.110	0.124	0.117	0.048	0.046	0.047	0.045	0.045	0.045	0.045	0.045	0.139	0.145	0.159	0.141	0.046	0.045	0.049	0.045	0.045	0.045	0.045	0.045	0.047	0.045	0.049	0.047	0.047	0.046	0.046	0.048	0.048	0.045	0.045	0.045	0.045	0.049	0.045	0.045	0.045	0.045	0.048	0.048	0.048	0.049	0.045	0.045
7:00:06	27.8	0.185	0.187	0.195	0.192	0.047	0.047	0.045	0.045	0.045	0.045	0.049	0.046	0.288	0.275	0.301	0.312	0.048	0.047	0.045	0.046	0.046	0.048	0.046	0.049	0.051	0.051	0.052	0.052	0.047	0.047	0.045	0.045	0.048	0.047	0.045	0.046	0.071	0.074	0.078	0.075	0.044	0.047	0.045	0.047	0.045	0.050	0.045	0.047	0.132	0.128	0.145	0.144	0.048	0.046	0.047	0.045	0.045	0.045	0.045	0.045	0.145	0.152	0.176	0.149	0.046	0.045	0.049	0.045	0.045	0.045	0.045	0.045	0.047	0.045	0.049	0.046	0.047	0.046	0.046	0.048	0.048	0.045	0.045	0.045	0.045	0.049	0.045	0.045	0.045	0.045	0.048	0.048	0.048	0.049	0.045	0.045
8:00:06	27.7	0.205	0.224	0.224	0.212	0.047	0.047	0.045	0.045	0.045	0.045	0.049	0.046	0.306	0.293	0.318	0.332	0.048	0.047	0.046	0.046	0.046	0.048	0.046	0.048	0.051	0.051	0.052	0.054	0.047	0.047	0.045	0.045	0.048	0.047	0.045	0.046	0.076	0.081	0.086	0.081	0.044	0.047	0.045	0.047	0.045	0.050	0.045	0.047	0.154	0.149	0.168	0.169	0.048	0.046	0.047	0.044	0.045	0.045	0.045	0.045	0.145	0.152	0.180	0.151	0.046	0.045	0.048	0.045	0.045	0.045	0.045	0.045	0.047	0.045	0.049	0.046	0.047	0.045	0.046	0.048	0.048	0.045	0.045	0.045	0.045	0.049	0.045	0.045	0.045	0.045	0.048	0.048	0.048	0.049	0.045	0.045
9:00:06	27.6	0.231	0.250	0.255	0.235	0.047	0.047	0.045	0.045	0.045	0.045	0.049	0.046	0.319	0.304	0.326	0.350	0.048	0.047	0.046	0.046	0.046	0.049	0.046	0.048	0.054	0.051	0.054	0.061	0.047	0.047	0.046	0.045	0.048	0.047	0.045	0.046	0.083	0.091	0.096	0.088	0.045	0.047	0.045	0.047	0.045	0.050	0.045	0.047	0.171	0.174	0.186	0.191	0.048	0.046	0.047	0.045	0.045	0.045	0.045	0.045	0.143	0.149	0.181	0.152	0.046	0.045	0.049	0.045	0.045	0.045	0.045	0.045	0.047	0.045	0.049	0.046	0.047	0.046	0.046	0.048	0.049	0.045	0.045	0.045	0.045	0.049	0.045	0.046	0.045	0.045	0.048	0.048	0.048	0.049	0.045	0.045
10:00:06	27.5	0.251	0.269	0.272	0.251	0.048	0.047	0.045	0.046	0.046	0.045	0.049	0.046	0.332	0.312	0.334	0.361	0.048	0.047	0.046	0.046	0.046	0.048	0.046	0.048	0.063	0.054	0.062	0.081	0.047	0.047	0.045	0.046	0.048	0.047	0.045	0.046	0.094	0.106	0.111	0.100	0.045	0.047	0.046	0.047	0.045	0.050	0.045	0.047	0.188	0.190	0.198	0.205	0.048	0.046	0.047	0.045	0.045	0.045	0.045	0.045	0.140	0.148	0.180	0.154	0.046	0.045	0.049	0.045	0.045	0.045	0.045	0.045	0.048	0.045	0.049	0.047	0.047	0.046	0.046	0.048	0.049	0.045	0.045	0.045	0.045	0.049	0.045	0.046	0.045	0.045	0.048	0.049	0.049	0.049	0.045	0.045
11:00:06	27.4	0.261	0.287	0.290	0.266	0.047	0.047	0.045	0.045	0.046	0.045	0.048	0.046	0.340	0.319	0.345	0.378	0.048	0.047	0.046	0.046	0.046	0.048	0.046	0.048	0.087	0.063	0.084	0.113	0.047	0.047	0.045	0.045	0.048	0.047	0.045	0.046	0.106	0.117	0.123	0.111	0.045	0.047	0.045	0.046	0.045	0.049	0.045	0.047	0.179	0.203	0.217	0.213	0.048	0.046	0.047	0.044	0.045	0.045	0.045	0.045	0.138	0.144	0.174	0.154	0.046	0.045	0.049	0.045	0.045	0.045	0.045	0.045	0.047	0.045	0.048	0.047	0.047	0.046	0.046	0.048	0.048	0.045	0.045	0.045	0.045	0.049	0.045	0.045	0.045	0.045	0.048	0.048	0.048	0.049	0.045	0.045
12:00:06	27.2	0.289	0.313	0.308	0.290	0.048	0.047	0.045	0.045	0.046	0.045	0.049	0.046	0.348	0.328	0.355	0.385	0.048	0.047	0.046	0.046	0.046	0.049	0.046	0.049	0.118	0.088	0.111	0.141	0.047	0.047	0.045	0.045	0.048	0.047	0.046	0.046	0.118	0.128	0.137	0.125	0.045	0.047	0.045	0.047	0.045	0.050	0.045	0.047	0.223	0.210	0.231	0.236	0.048	0.046	0.047	0.045	0.045	0.046	0.045	0.045	0.135	0.138	0.167	0.153	0.046	0.045	0.049	0.045	0.045	0.045	0.045	0.045	0.047	0.045	0.048	0.047	0.047	0.046	0.046	0.048	0.049	0.045	0.045	0.045	0.045	0.049	0.045	0.045	0.045	0.045	0.048	0.048	0.049	0.049	0.045	0.045
13:00:06	27.0	0.318	0.343	0.346	0.300	0.047	0.047	0.045	0.045	0.046	0.045	0.049	0.046	0.348	0.332	0.361	0.383	0.048	0.047	0.046	0.046	0.046	0.049	0.046	0.048	0.142	0.113	0.131	0.164	0.047	0.047	0.045	0.046	0.048	0.047	0.045	0.046	0.130	0.139	0.151	0.141	0.045	0.047	0.045	0.047	0.045	0.050	0.045	0.047	0.210	0.198	0.239	0.229	0.048	0.046	0.047	0.045	0.045	0.045	0.045	0.045	0.135	0.134	0.158	0.146	0.046	0.045	0.049	0.045	0.045	0.045	0.045	0.045	0.047	0.045	0.048	0.047	0.047	0.046	0.046	0.048	0.049	0.045	0.045	0.045	0.045	0.049	0.045	0.045	0.045	0.045	0.048	0.048	0.048	0.049	0.045	0.045
14:00:06	26.9	0.325	0.338	0.359	0.334	0.047	0.047	0.045	0.045	0.046	0.045	0.049	0.046	0.345	0.332	0.378	0.390	0.048	0.047	0.046	0.046	0.046	0.049	0.046	0.048	0.164	0.131	0.147	0.187	0.047	0.047	0.045	0.046	0.048	0.047	0.045	0.046	0.148	0.147	0.167	0.159	0.045	0.047	0.046	0.047	0.045	0.050	0.045	0.047	0.228	0.211	0.252	0.249	0.048	0.047	0.047	0.045	0.045	0.045	0.045	0.045	0.144	0.129	0.151	0.141	0.046	0.045	0.049	0.045	0.046	0.045	0.045	0.045	0.047	0.045	0.049	0.047	0.047	0.046	0.046	0.048	0.049	0.045	0.045	0.045	0.045	0.049	0.045	0.045	0.045	0.045	0.048	0.049	0.049	0.049	0.045	0.045
15:00:06	26.8	0.327	0.342	0.359	0.355	0.047	0.047	0.045	0.045	0.046	0.045	0.049	0.046	0.346	0.337	0.384	0.383	0.048	0.047	0.046	0.046	0.046	0.048	0.046	0.049	0.173	0.146	0.160	0.200	0.047	0.047	0.045	0.045	0.048	0.047	0.045	0.046	0.162	0.158	0.180	0.177	0.044	0.047	0.045	0.047	0.045	0.050	0.045	0.047	0.233	0.227	0.249	0.269	0.048	0.046	0.047	0.045	0.045	0.045	0.045	0.045	0.164	0.127	0.145	0.139	0.046	0.045	0.049	0.045	0.045	0.045	0.045	0.045	0.047	0.045	0.049	0.047	0.047	0.046	0.046	0.048	0.049	0.045	0.045	0.045	0.045	0.049	0.045	0.046	0.045	0.045	0.048	0.049	0.048	0.049	0.045	0.045
16:00:06	26.6	0.345	0.337	0.354	0.357	0.047	0.047	0.045	0.045	0.046	0.045	0.049	0.046	0.345	0.338	0.393	0.369	0.048	0.047	0.045	0.046	0.046	0.048	0.046	0.048	0.190	0.156	0.165	0.214	0.047	0.047	0.045	0.046	0.048	0.047	0.045	0.046	0.181	0.168	0.197	0.200	0.045	0.047	0.046	0.047	0.045	0.050	0.045	0.047	0.233	0.242	0.269	0.276	0.048	0.046	0.047	0.045	0.045	0.045	0.045	0.045	0.187	0.133	0.144	0.142	0.046	0.045	0.049	0.045	0.045	0.045	0.045	0.045	0.048	0.045	0.049	0.047	0.047	0.046	0.046	0.048	0.049	0.045	0.045	0.045	0.045	0.049	0.045	0.045	0.045	0.045	0.048	0.049	0.049	0.049	0.045	0.045
17:00:06	26.5	0.347	0.349	0.357	0.377	0.047	0.047	0.045	0.045	0.046	0.045	0.049	0.046	0.344	0.348	0.395	0.363	0.048	0.047	0.046	0.046	0.046	0.048	0.046	0.048	0.205	0.168	0.173	0.228	0.047	0.047	0.045	0.045	0.048	0.047	0.045	0.046	0.199	0.183	0.212	0.221	0.045	0.047	0.045	0.047	0.045	0.050	0.045	0.047	0.247	0.267	0.282	0.284	0.048	0.046	0.047	0.044	0.045	0.045	0.045	0.045	0.221	0.149	0.153	0.156	0.046	0.045	0.049	0.045	0.045	0.045	0.045	0.045	0.047	0.045	0.049	0.047	0.047	0.046	0.046	0.048	0.048	0.045	0.045	0.045	0.045	0.049	0.045	0.046	0.045	0.045	0.048	0.048	0.049	0.049	0.045	0.045
18:00:06	26.5	0.351	0.369	0.379	0.381	0.047	0.047	0.045	0.045	0.046	0.045	0.049	0.046	0.351	0.343	0.399	0.368	0.048	0.047	0.046	0.046	0.046	0.049	0.046	0.049	0.214	0.183	0.187	0.244	0.047	0.047	0.045	0.046	0.048	0.047	0.045	0.047	0.217	0.197	0.229	0.240	0.045	0.047	0.045	0.047	0.045	0.050	0.045	0.047	0.270	0.271	0.293	0.312	0.049	0.046	0.047	0.045	0.045	0.045	0.045	0.045	0.233	0.176	0.171	0.175	0.046	0.045	0.049	0.045	0.046	0.045	0.045	0.045	0.047	0.045	0.048	0.047	0.047	0.046	0.047	0.048	0.049	0.045	0.045	0.045	0.045	0.049	0.045	0.046	0.045	0.045	0.048	0.049	0.049	0.049	0.045	0.045
19:00:06	26.6	0.363	0.368	0.382	0.389	0.047	0.047	0.045	0.045	0.046	0.045	0.048	0.046	0.352	0.346	0.395	0.393	0.047	0.047	0.046	0.046	0.046	0.048	0.046	0.048	0.215	0.194	0.191	0.262	0.047	0.047	0.045	0.045	0.048	0.047	0.045	0.046	0.228	0.214	0.238	0.247	0.044	0.047	0.045	0.047	0.045	0.050	0.045	0.047	0.292	0.287	0.308	0.311	0.048	0.046	0.047	0.044	0.045	0.045	0.045	0.045	0.216	0.203	0.195	0.197	0.046	0.045	0.049	0.045	0.045	0.045	0.045	0.045	0.047	0.045	0.049	0.046	0.047	0.046	0.046	0.048	0.049	0.045	0.045	0.045	0.045	0.049	0.045	0.045	0.045	0.045	0.048	0.049	0.048	0.049	0.045	0.045
20:00:06	26.7	0.359	0.370	0.382	0.380	0.047	0.047	0.045	0.045	0.046	0.046	0.049	0.046	0.332	0.356	0.394	0.405	0.048	0.047	0.046	0.046	0.046	0.049	0.046	0.049	0.227	0.200	0.204	0.274	0.048	0.047	0.046	0.046	0.048	0.047	0.046	0.046	0.238	0.231	0.233	0.264	0.045	0.047	0.046	0.047	0.046	0.050	0.045	0.047	0.324	0.301	0.316	0.331	0.049	0.047	0.047	0.045	0.045	0.045	0.045	0.045	0.196	0.225	0.210	0.223	0.046	0.046	0.049	0.045	0.046	0.045	0.045	0.045	0.047	0.045	0.049	0.047	0.047	0.046	0.047	0.048	0.049	0.046	0.045	0.045	0.045	0.049	0.045	0.046	0.045	0.046	0.048	0.049	0.049	0.049	0.045	0.045
21:00:06	26.9	0.348	0.362	0.375	0.377	0.047	0.047	0.045	0.045	0.046	0.045	0.048	0.046	0.324	0.363	0.385	0.399	0.048	0.047	0.045	0.046	0.046	0.048	0.046	0.048	0.236	0.220	0.219	0.285	0.047	0.047	0.045	0.045	0.048	0.047	0.045	0.046	0.247	0.240	0.247	0.288	0.044	0.047	0.045	0.047	0.045	0.050	0.045	0.047	0.328	0.333	0.326	0.354	0.048	0.046	0.047	0.044	0.045	0.045	0.045	0.045	0.186	0.216	0.219	0.233	0.046	0.045	0.048	0.045	0.045	0.045	0.045	0.045	0.047	0.045	0.048	0.046	0.047	0.046	0.046	0.048	0.048	0.045	0.045	0.045	0.045	0.049	0.045	0.045	0.045	0.045	0.048	0.048	0.048	0.049	0.045	0.045
22:00:06	27.1	0.343	0.363	0.371	0.370	0.047	0.047	0.045	0.045	0.046	0.045	0.049	0.046	0.319	0.367	0.353	0.382	0.048	0.047	0.046	0.046	0.046	0.048	0.046	0.048	0.244	0.226	0.227	0.291	0.047	0.047	0.045	0.046	0.049	0.047	0.045	0.046	0.269	0.252	0.260	0.285	0.045	0.047	0.046	0.047	0.045	0.050	0.045	0.047	0.349	0.337	0.354	0.367	0.048	0.046	0.047	0.045	0.045	0.045	0.045	0.045	0.182	0.205	0.218	0.220	0.046	0.045	0.049	0.045	0.045	0.045	0.045	0.045	0.047	0.045	0.049	0.047	0.047	0.046	0.046	0.048	0.049	0.045	0.045	0.045	0.045	0.049	0.045	0.045	0.045	0.045	0.048	0.048	0.049	0.049	0.045	0.045
23:00:06	27.1	0.333	0.352	0.361	0.362	0.047	0.047	0.045	0.045	0.046	0.045	0.049	0.046	0.302	0.364	0.332	0.368	0.048	0.047	0.045	0.046	0.046	0.048	0.046	0.048	0.265	0.237	0.228	0.313	0.047	0.047	0.045	0.046	0.048	0.047	0.045	0.046	0.302	0.276	0.268	0.299	0.045	0.047	0.045	0.047	0.045	0.050	0.045	0.047	0.334	0.361	0.365	0.393	0.048	0.046	0.047	0.044	0.045	0.045	0.045	0.045	0.185	0.203	0.215	0.212	0.046	0.045	0.049	0.045	0.045	0.045	0.045	0.045	0.047	0.045	0.049	0.047	0.047	0.046	0.046	0.048	0.049	0.045	0.045	0.045	0.045	0.049	0.045	0.045	0.045	0.045	0.048	0.049	0.048	0.049	0.045	0.045
24:00:06	27.0	0.332	0.344	0.356	0.357	0.047	0.047	0.045	0.045	0.046	0.045	0.049	0.046	0.285	0.360	0.324	0.373	0.048	0.047	0.046	0.046	0.046	0.048	0.046	0.048	0.276	0.253	0.272	0.336	0.047	0.047	0.045	0.046	0.048	0.047	0.045	0.046	0.297	0.292	0.289	0.324	0.045	0.047	0.046	0.047	0.045	0.050	0.045	0.047	0.341	0.388	0.400	0.404	0.048	0.046	0.047	0.045	0.045	0.045	0.045	0.045	0.186	0.191	0.211	0.208	0.046	0.045	0.049	0.045	0.045	0.045	0.045	0.045	0.047	0.045	0.049	0.047	0.047	0.046	0.046	0.048	0.049	0.045	0.045	0.045	0.045	0.049	0.045	0.045	0.045	0.045	0.048	0.048	0.048	0.049	0.045	0.045
25:00:06	27.0	0.315	0.342	0.348	0.351	0.047	0.047	0.045	0.045	0.046	0.045	0.049	0.046	0.269	0.356	0.316	0.364	0.048	0.047	0.046	0.046	0.046	0.049	0.046	0.048	0.323	0.271	0.274	0.371	0.047	0.047	0.045	0.046	0.048	0.047	0.045	0.046	0.291	0.314	0.311	0.332	0.044	0.047	0.046	0.047	0.045	0.050	0.045	0.047	0.320	0.395	0.411	0.406	0.048	0.046	0.047	0.045	0.045	0.045	0.045	0.045	0.181	0.192	0.205	0.206	0.046	0.045	0.049	0.045	0.045	0.045	0.045	0.045	0.047	0.045	0.049	0.047	0.047	0.046	0.046	0.048	0.049	0.045	0.045	0.045	0.045	0.049	0.045	0.046	0.045	0.045	0.048	0.049	0.049	0.049	0.045	0.045
26:00:06	26.9	0.312	0.335	0.346	0.347	0.047	0.047	0.045	0.045	0.046	0.046	0.049	0.046	0.245	0.353	0.313	0.341	0.048	0.047	0.046	0.046	0.046	0.049	0.046	0.049	0.335	0.288	0.289	0.364	0.047	0.047	0.045	0.045	0.048	0.047	0.045	0.046	0.300	0.328	0.318	0.346	0.045	0.047	0.045	0.047	0.045	0.050	0.045	0.047	0.289	0.419	0.429	0.422	0.048	0.047	0.047	0.045	0.045	0.045	0.045	0.045	0.172	0.193	0.206	0.203	0.046	0.046	0.049	0.045	0.045	0.045	0.045	0.045	0.047	0.045	0.049	0.046	0.047	0.046	0.046	0.048	0.049	0.045	0.045	0.045	0.045	0.049	0.045	0.046	0.045	0.045	0.048	0.049	0.049	0.049	0.045	0.045
27:00:06	26.9	0.299	0.328	0.342	0.336	0.047	0.047	0.045	0.045	0.046	0.045	0.049	0.046	0.217	0.330	0.302	0.324	0.048	0.047	0.045	0.046	0.046	0.048	0.046	0.048	0.320	0.350	0.307	0.392	0.047	0.047	0.045	0.045	0.048	0.047	0.045	0.046	0.305	0.336	0.345	0.338	0.045	0.047	0.046	0.047	0.045	0.050	0.045	0.047	0.259	0.370	0.421	0.381	0.048	0.046	0.047	0.044	0.045	0.045	0.045	0.045	0.170	0.192	0.205	0.202	0.046	0.045	0.049	0.045	0.045	0.045	0.045	0.045	0.047	0.045	0.048	0.047	0.047	0.046	0.046	0.048	0.049	0.045	0.045	0.045	0.045	0.049	0.045	0.046	0.045	0.045	0.048	0.049	0.049	0.049	0.045	0.045
28:00:06	26.8	0.287	0.316	0.326	0.324	0.047	0.047	0.045	0.045	0.046	0.045	0.049	0.046	0.204	0.315	0.291	0.307	0.048	0.047	0.046	0.046	0.046	0.049	0.046	0.049	0.288	0.402	0.388	0.384	0.047	0.047	0.046	0.046	0.048	0.047	0.045	0.047	0.308	0.368	0.368	0.347	0.045	0.047	0.046	0.047	0.045	0.050	0.045	0.047	0.251	0.374	0.388	0.373	0.048	0.046	0.047	0.045	0.045	0.045	0.045	0.045	0.170	0.191	0.207	0.203	0.046	0.045	0.049	0.045	0.046	0.045	0.045	0.045	0.047	0.046	0.049	0.047	0.047	0.046	0.047	0.048	0.049	0.045	0.045	0.045	0.045	0.049	0.045	0.046	0.045	0.045	0.048	0.049	0.049	0.049	0.045	0.045
29:00:06	26.8	0.265	0.303	0.316	0.310	0.047	0.047	0.045	0.045	0.045	0.045	0.048	0.046	0.189	0.293	0.275	0.285	0.048	0.047	0.045	0.046	0.046	0.048	0.046	0.048	0.280	0.410	0.488	0.445	0.047	0.047	0.045	0.045	0.048	0.047	0.045	0.046	0.293	0.391	0.362	0.366	0.044	0.047	0.045	0.047	0.045	0.050	0.045	0.047	0.245	0.363	0.375	0.362	0.048	0.046	0.047	0.044	0.045	0.045	0.045	0.045	0.169	0.194	0.212	0.205	0.045	0.045	0.048	0.045	0.045	0.045	0.045	0.045	0.047	0.045	0.048	0.046	0.047	0.045	0.046	0.048	0.048	0.045	0.045	0.045	0.045	0.049	0.045	0.045	0.045	0.045	0.048	0.048	0.048	0.049	0.045	0.045
30:00:06	26.8	0.242	0.293	0.310	0.302	0.047	0.047	0.045	0.045	0.046	0.045	0.048	0.046	0.178	0.273	0.260	0.263	0.048	0.047	0.045	0.046	0.046	0.048	0.046	0.048	0.257	0.392	0.564	0.475	0.047	0.047	0.045	0.045	0.048	0.047	0.045	0.046	0.296	0.437	0.386	0.377	0.044	0.047	0.045	0.047	0.045	0.050	0.045	0.047	0.242	0.343	0.359	0.335	0.048	0.046	0.047	0.045	0.045	0.045	0.045	0.045	0.172	0.196	0.217	0.207	0.046	0.045	0.049	0.045	0.045	0.045	0.045	0.045	0.047	0.045	0.049	0.046	0.047	0.046	0.046	0.048	0.048	0.045	0.045	0.045	0.045	0.049	0.045	0.045	0.045	0.045	0.048	0.048	0.049	0.049	0.045	0.045
31:00:06	26.9	0.209	0.286	0.304	0.290	0.047	0.047	0.045	0.045	0.046	0.045	0.049	0.046	0.164	0.248	0.247	0.251	0.048	0.047	0.046	0.046	0.046	0.049	0.046	0.049	0.218	0.340	0.538	0.412	0.047	0.047	0.045	0.046	0.048	0.047	0.045	0.047	0.300	0.471	0.417	0.406	0.045	0.047	0.046	0.047	0.046	0.050	0.045	0.047	0.242	0.321	0.355	0.316	0.048	0.046	0.047	0.045	0.045	0.045	0.045	0.045	0.175	0.196	0.223	0.211	0.046	0.046	0.049	0.045	0.046	0.045	0.045	0.045	0.047	0.045	0.049	0.047	0.047	0.046	0.047	0.048	0.049	0.045	0.045	0.045	0.046	0.050	0.045	0.046	0.045	0.046	0.048	0.049	0.049	0.049	0.045	0.045
32:00:06	26.9	0.175	0.263	0.291	0.260	0.047	0.047	0.045	0.045	0.046	0.045	0.049	0.046	0.149	0.234	0.236	0.235	0.048	0.047	0.046	0.046	0.046	0.049	0.046	0.048	0.196	0.359	0.485	0.381	0.047	0.047	0.045	0.045	0.048	0.047	0.045	0.046	0.301	0.481	0.416	0.414	0.045	0.047	0.045	0.047	0.045	0.050	0.045	0.047	0.232	0.293	0.332	0.296	0.048	0.046	0.047	0.045	0.045	0.045	0.045	0.045	0.178	0.198	0.226	0.214	0.046	0.045	0.049	0.045	0.045	0.045	0.045	0.045	0.047	0.045	0.049	0.047	0.047	0.046	0.046	0.048	0.049	0.045	0.045	0.045	0.045	0.049	0.045	0.046	0.045	0.045	0.048	0.048	0.049	0.049	0.045	0.045
33:00:06	26.9	0.139	0.234	0.263	0.231	0.047	0.047	0.045	0.045	0.046	0.045	0.049	0.046	0.133	0.220	0.230	0.223	0.048	0.047	0.046	0.046	0.046	0.048	0.046	0.048	0.191	0.257	0.499	0.313	0.047	0.047	0.045	0.046	0.048	0.047	0.045	0.046	0.326	0.528	0.469	0.436	0.045	0.047	0.046	0.047	0.045	0.050	0.045	0.047	0.223	0.274	0.312	0.289	0.048	0.046	0.047	0.045	0.045	0.045	0.045	0.045	0.183	0.203	0.230	0.218	0.046	0.045	0.049	0.045	0.045	0.045	0.045	0.045	0.047	0.045	0.049	0.047	0.047	0.046	0.046	0.048	0.049	0.045	0.045	0.045	0.045	0.049	0.045	0.045	0.045	0.045	0.048	0.048	0.049	0.049	0.045	0.045
34:00:06	26.9	0.099	0.203	0.235	0.200	0.047	0.047	0.045	0.045	0.046	0.045	0.048	0.046	0.110	0.205	0.214	0.211	0.048	0.047	0.045	0.046	0.046	0.048	0.046	0.049	0.207	0.241	0.470	0.276	0.047	0.047	0.045	0.045	0.048	0.047	0.045	0.046	0.327	0.543	0.484	0.395	0.044	0.047	0.045	0.047	0.045	0.050	0.045	0.047	0.214	0.270	0.298	0.281	0.048	0.046	0.047	0.044	0.045	0.045	0.045	0.045	0.182	0.210	0.238	0.229	0.046	0.045	0.049	0.045	0.045	0.045	0.045	0.045	0.047	0.045	0.048	0.046	0.047	0.046	0.046	0.048	0.049	0.045	0.045	0.045	0.045	0.049	0.045	0.045	0.045	0.045	0.048	0.048	0.049	0.049	0.045	0.045
35:00:06	26.8	0.055	0.172	0.204	0.166	0.047	0.046	0.045	0.045	0.045	0.045	0.048	0.046	0.089	0.192	0.201	0.190	0.048	0.047	0.045	0.046	0.046	0.048	0.046	0.048	0.177	0.217	0.397	0.279	0.047	0.047	0.045	0.045	0.048	0.047	0.045	0.046	0.287	0.531	0.469	0.360	0.044	0.047	0.045	0.047	0.045	0.049	0.045	0.046	0.199	0.273	0.295	0.279	0.048	0.046	0.047	0.044	0.045	0.045	0.045	0.045	0.169	0.220	0.247	0.238	0.046	0.045	0.048	0.045	0.045	0.045	0.045	0.045	0.047	0.045	0.048	0.046	0.047	0.046	0.046	0.048	0.048	0.045	0.045	0.045	0.045	0.049	0.045	0.045	0.045	0.045	0.047	0.048	0.048	0.049	0.045	0.045
36:00:06	26.9	0.048	0.140	0.174	0.132	0.047	0.047	0.045	0.045	0.045	0.045	0.048	0.046	0.066	0.175	0.188	0.170	0.048	0.047	0.046	0.046	0.046	0.048	0.046	0.048	0.169	0.200	0.312	0.274	0.047	0.047	0.045	0.045	0.048	0.047	0.045	0.046	0.274	0.492	0.470	0.399	0.044	0.047	0.045	0.047	0.045	0.050	0.045	0.047	0.184	0.271	0.290	0.276	0.048	0.046	0.047	0.045	0.045	0.045	0.045	0.045	0.149	0.222	0.257	0.236	0.046	0.045	0.048	0.045	0.045	0.045	0.045	0.045	0.047	0.045	0.049	0.047	0.047	0.046	0.046	0.048	0.049	0.045	0.045	0.045	0.045	0.049	0.045	0.045	0.045	0.045	0.048	0.049	0.049	0.049	0.045	0.045
37:00:06	26.9	0.049	0.098	0.142	0.091	0.047	0.047	0.045	0.045	0.046	0.045	0.049	0.046	0.050	0.159	0.174	0.152	0.048	0.047	0.046	0.046	0.046	0.048	0.046	0.048	0.121	0.179	0.293	0.272	0.047	0.047	0.045	0.045	0.048	0.047	0.045	0.046	0.303	0.517	0.460	0.394	0.044	0.047	0.045	0.047	0.045	0.050	0.045	0.047	0.165	0.268	0.285	0.273	0.048	0.046	0.047	0.044	0.045	0.045	0.045	0.045	0.130	0.225	0.263	0.240	0.046	0.045	0.049	0.045	0.045	0.045	0.045	0.045	0.047	0.045	0.049	0.046	0.047	0.046	0.046	0.048	0.048	0.045	0.045	0.045	0.045	0.049	0.045	0.045	0.045	0.045	0.048	0.048	0.048	0.049	0.045	0.045
38:00:06	26.7	0.050	0.057	0.104	0.056	0.047	0.047	0.045	0.045	0.046	0.045	0.049	0.046	0.044	0.137	0.155	0.128	0.048	0.047	0.046	0.046	0.046	0.048	0.046	0.048	0.076	0.209	0.256	0.251	0.047	0.047	0.045	0.045	0.048	0.047	0.045	0.046	0.210	0.483	0.388	0.424	0.044	0.047	0.046	0.047	0.045	0.050	0.045	0.047	0.145	0.260	0.280	0.268	0.048	0.046	0.047	0.044	0.045	0.045	0.045	0.045	0.109	0.228	0.263	0.241	0.046	0.045	0.049	0.045	0.045	0.045	0.045	0.045	0.047	0.045	0.048	0.046	0.047	0.046	0.046	0.048	0.048	0.045	0.045	0.045	0.045	0.049	0.045	0.045	0.045	0.045	0.048	0.048	0.048	0.049	0.045	0.045
39:00:06	26.6	0.052	0.049	0.061	0.052	0.047	0.047	0.045	0.045	0.046	0.045	0.049	0.046	0.043	0.114	0.138	0.106	0.048	0.047	0.046	0.046	0.046	0.049	0.046	0.048	0.055	0.175	0.220	0.225	0.047	0.047	0.045	0.046	0.048	0.047	0.045	0.046	0.144	0.463	0.403	0.405	0.045	0.047	0.045	0.047	0.045	0.050	0.045	0.047	0.123	0.254	0.276	0.260	0.048	0.046	0.047	0.045	0.045	0.045	0.045	0.045	0.079	0.228	0.260	0.238	0.046	0.045	0.049	0.045	0.045	0.045	0.045	0.045	0.047	0.045	0.049	0.047	0.047	0.046	0.046	0.048	0.049	0.045	0.045	0.045	0.045	0.049	0.045	0.045	0.045	0.045	0.048	0.048	0.048	0.049	0.045	0.045
40:00:06	26.5	0.053	0.049	0.052	0.053	0.047	0.047	0.045	0.045	0.046	0.045	0.049	0.046	0.042	0.094	0.121	0.083	0.048	0.047	0.045	0.046	0.046	0.049	0.046	0.048	0.048	0.166	0.206	0.211	0.047	0.047	0.045	0.046	0.048	0.047	0.045	0.046	0.109	0.452	0.419	0.349	0.045	0.047	0.045	0.047	0.045	0.050	0.045	0.047	0.098	0.246	0.273	0.250	0.048	0.046	0.047	0.044	0.045	0.045	0.045	0.045	0.049	0.222	0.259	0.235	0.046	0.045	0.048	0.045	0.045	0.045	0.045	0.045	0.047	0.045	0.048	0.046	0.047	0.046	0.046	0.048	0.048	0.045	0.045	0.045	0.045	0.049	0.045	0.045	0.045	0.045	0.048	0.048	0.048	0.049	0.045	0.045
41:00:06	26.3	0.054	0.050	0.052	0.053	0.047	0.047	0.045	0.045	0.046	0.045	0.049	0.046	0.042	0.071	0.102	0.060	0.048	0.047	0.046	0.046	0.046	0.048	0.046	0.048	0.045	0.151	0.201	0.194	0.047	0.047	0.045	0.045	0.048	0.047	0.045	0.046	0.080	0.371	0.399	0.309	0.044	0.047	0.045	0.047	0.045	0.050	0.045	0.047	0.067	0.236	0.266	0.237	0.048	0.046	0.047	0.045	0.045	0.045	0.045	0.045	0.044	0.205	0.257	0.222	0.046	0.045	0.048	0.045	0.045	0.045	0.045	0.045	0.047	0.045	0.049	0.046	0.047	0.046	0.046	0.048	0.048	0.045	0.045	0.045	0.045	0.049	0.045	0.045	0.045	0.045	0.048	0.048	0.048	0.049	0.045	0.045
42:00:06	26.3	0.054	0.052	0.053	0.054	0.047	0.047	0.045	0.045	0.046	0.046	0.049	0.046	0.043	0.053	0.084	0.049	0.048	0.047	0.046	0.046	0.046	0.049	0.046	0.048	0.048	0.113	0.227	0.144	0.047	0.047	0.045	0.046	0.048	0.047	0.045	0.046	0.056	0.331	0.381	0.266	0.045	0.047	0.046	0.047	0.045	0.050	0.045	0.047	0.055	0.223	0.257	0.223	0.049	0.046	0.047	0.045	0.045	0.045	0.045	0.045	0.043	0.176	0.249	0.194	0.046	0.045	0.049	0.045	0.046	0.045	0.045	0.045	0.047	0.045	0.049	0.047	0.047	0.046	0.046	0.048	0.049	0.045	0.045	0.045	0.045	0.049	0.045	0.046	0.045	0.045	0.048	0.049	0.049	0.049	0.045	0.045
43:00:06	26.3	0.054	0.053	0.055	0.055	0.047	0.047	0.045	0.045	0.046	0.045	0.049	0.046	0.045	0.043	0.062	0.045	0.048	0.047	0.046	0.046	0.046	0.048	0.046	0.048	0.053	0.082	0.176	0.110	0.047	0.047	0.045	0.045	0.048	0.047	0.045	0.046	0.044	0.282	0.365	0.234	0.045	0.047	0.045	0.047	0.045	0.050	0.045	0.047	0.048	0.206	0.248	0.205	0.048	0.046	0.047	0.044	0.045	0.045	0.045	0.045	0.040	0.152	0.235	0.171	0.046	0.045	0.049	0.045	0.045	0.045	0.045	0.045	0.047	0.045	0.049	0.046	0.047	0.046	0.046	0.048	0.048	0.045	0.045	0.045	0.045	0.049	0.045	0.045	0.045	0.045	0.048	0.048	0.048	0.049	0.045	0.045
44:00:06	26.4	0.054	0.054	0.056	0.056	0.047	0.047	0.045	0.045	0.045	0.045	0.049	0.046	0.049	0.043	0.049	0.047	0.048	0.047	0.046	0.046	0.046	0.048	0.046	0.048	0.058	0.067	0.160	0.081	0.047	0.047	0.046	0.045	0.048	0.047	0.045	0.046	0.046	0.280	0.341	0.219	0.044	0.047	0.046	0.046	0.045	0.050	0.045	0.047	0.046	0.184	0.236	0.187	0.048	0.047	0.047	0.044	0.045	0.045	0.045	0.045	0.039	0.132	0.218	0.151	0.046	0.045	0.049	0.045	0.045	0.045	0.045	0.045	0.047	0.045	0.048	0.046	0.047	0.046	0.046	0.048	0.048	0.045	0.045	0.045	0.045	0.049	0.045	0.045	0.045	0.045	0.048	0.049	0.049	0.049	0.045	0.045
45:00:06	26.6	0.054	0.055	0.057	0.056	0.047	0.046	0.045	0.045	0.046	0.045	0.048	0.046	0.052	0.043	0.042	0.046	0.048	0.047	0.046	0.046	0.046	0.048	0.046	0.048	0.062	0.046	0.154	0.055	0.047	0.047	0.045	0.046	0.048	0.047	0.045	0.046	0.050	0.258	0.281	0.201	0.044	0.047	0.045	0.047	0.045	0.050	0.045	0.047	0.048	0.164	0.220	0.167	0.048	0.046	0.047	0.045	0.045	0.045	0.045	0.045	0.041	0.112	0.189	0.131	0.046	0.045	0.049	0.045	0.045	0.045	0.045	0.045	0.047	0.045	0.049	0.046	0.047	0.046	0.046	0.048	0.049	0.045	0.045	0.045	0.045	0.049	0.045	0.045	0.045	0.045	0.048	0.048	0.048	0.049	0.045	0.045
46:00:06	27.0	0.054	0.055	0.058	0.056	0.047	0.047	0.045	0.045	0.045	0.045	0.048	0.046	0.052	0.042	0.043	0.046	0.048	0.047	0.046	0.046	0.046	0.048	0.046	0.048	0.072	0.043	0.141	0.046	0.047	0.047	0.045	0.045	0.048	0.047	0.045	0.046	0.053	0.223	0.274	0.163	0.044	0.047	0.045	0.047	0.045	0.050	0.045	0.047	0.051	0.143	0.202	0.144	0.048	0.046	0.047	0.044	0.045	0.045	0.045	0.045	0.044	0.088	0.166	0.108	0.046	0.045	0.049	0.045	0.045	0.045	0.045	0.045	0.047	0.045	0.049	0.046	0.047	0.046	0.046	0.048	0.049	0.045	0.045	0.045	0.045	0.049	0.045	0.045	0.045	0.045	0.048	0.048	0.049	0.049	0.045	0.045
47:00:06	27.2	0.054	0.055	0.058	0.056	0.047	0.047	0.045	0.045	0.046	0.045	0.048	0.046	0.052	0.043	0.042	0.047	0.048	0.047	0.046	0.046	0.046	0.048	0.046	0.048	0.082	0.043	0.103	0.043	0.047	0.047	0.045	0.046	0.048	0.047	0.045	0.046	0.056	0.147	0.250	0.127	0.044	0.047	0.045	0.047	0.045	0.049	0.045	0.047	0.055	0.119	0.181	0.120	0.048	0.046	0.047	0.044	0.045	0.045	0.045	0.045	0.056	0.057	0.146	0.079	0.046	0.045	0.049	0.045	0.045	0.045	0.045	0.045	0.047	0.045	0.049	0.046	0.047	0.046	0.046	0.048	0.048	0.045	0.045	0.045	0.045	0.049	0.045	0.045	0.045	0.045	0.048	0.048	0.049	0.049	0.045	0.045
48:00:06	27.3	0.054	0.055	0.058	0.056	0.047	0.047	0.045	0.045	0.045	0.045	0.048	0.046	0.052	0.044	0.042	0.049	0.048	0.047	0.046	0.046	0.046	0.048	0.046	0.048	0.082	0.049	0.063	0.044	0.047	0.047	0.045	0.045	0.048	0.047	0.045	0.046	0.059	0.112	0.236	0.095	0.044	0.047	0.045	0.047	0.045	0.050	0.045	0.047	0.057	0.091	0.160	0.090	0.048	0.046	0.047	0.044	0.045	0.045	0.045	0.045	0.081	0.043	0.121	0.051	0.046	0.045	0.048	0.045	0.045	0.045	0.045	0.045	0.047	0.045	0.048	0.046	0.047	0.045	0.046	0.048	0.049	0.045	0.045	0.045	0.045	0.049	0.045	0.045	0.045	0.045	0.047	0.048	0.048	0.049	0.045	0.045

Results
	1	2	3	4	5	6	7	8	9	10	11	12
A	-0.733	-0.703	-0.708	-0.687	-0.008	0.008	-0.008	-0.010	0.063	0.015	-0.010	0.008	Max V [590]
	1.000	1.000	1.000	1.000	1.000	1.000	1.000	1.000	1.000	1.000	1.000	1.000	R-Squared [590]
	34:30:06	36:30:06	38:30:06	36:30:06	10:30:06	35:30:06	26:30:06	10:30:06	0:30:06	41:30:06	28:30:06	35:30:06	t at Max V [590]
	34:29:33	37:27:50	38:35:24	37:13:12	10:36:06	35:36:06	26:36:06	10:20:06	0:00:06	41:20:06	28:30:06	35:48:06	Lagtime [590]
B	0.870	0.717	0.773	0.768	0.010	0.010	-0.010	-0.008	-0.008	0.010	-0.010	-0.008	Max V [590]
	1.000	1.000	1.000	1.000	1.000	1.000	1.000	1.000	1.000	1.000	1.000	1.000	R-Squared [590]
	4:30:06	5:30:06	5:30:06	4:30:06	19:30:06	41:30:06	20:30:06	28:30:06	34:30:06	4:30:06	10:30:06	20:30:06	t at Max V [590]
	2:15:44	2:16:26	2:04:38	1:37:43	19:40:06	41:20:06	20:20:06	28:36:06	34:00:06	4:30:06	10:30:06	20:00:06	Lagtime [590]
C	-0.803	-1.708	1.672	-1.128	-0.008	0.008	0.012	-0.007	0.013	-0.012	0.010	-0.010	Max V [590]
	1.000	1.000	1.000	1.000	1.000	1.000	1.000	1.000	1.000	1.000	1.000	1.000	R-Squared [590]
	36:30:06	32:30:06	28:30:06	32:30:06	2:30:06	41:30:06	19:30:06	40:30:06	21:30:06	26:30:06	11:30:06	28:30:06	t at Max V [590]
	38:25:15	35:00:02	24:39:06	36:51:20	2:36:06	41:48:06	19:25:49	41:00:06	21:45:06	26:34:23	11:30:06	28:10:06	Lagtime [590]
D	-1.550	-1.355	-1.203	-0.922	0.010	-0.008	0.008	-0.008	0.010	-0.010	-0.012	0.022	Max V [590]
	1.000	1.000	1.000	1.000	1.000	1.000	1.000	1.000	1.000	1.000	1.000	1.000	R-Squared [590]
	37:30:06	40:30:06	37:30:06	39:30:06	19:30:06	20:30:06	21:30:06	28:30:06	4:30:06	2:30:06	2:30:06	5:30:06	t at Max V [590]
	39:39:04	44:51:46	42:34:25	45:16:29	19:10:06	20:36:06	21:24:06	28:24:06	4:20:06	1:50:06	2:42:57	5:04:43	Lagtime [590]
E	0.742	-0.820	0.582	-0.678	-0.008	-0.008	-0.008	-0.010	-0.010	-0.010	0.008	-0.008	Max V [590]
	1.000	1.000	1.000	1.000	1.000	1.000	1.000	1.000	1.000	1.000	1.000	1.000	R-Squared [590]
	11:30:06	26:30:06	23:30:06	26:30:06	2:30:06	20:30:06	2:30:06	10:30:06	28:30:06	18:30:06	29:30:06	2:30:06	t at Max V [590]
	8:22:37	33:19:29	14:17:48	34:53:55	2:24:06	20:48:06	3:00:06	10:20:06	28:30:06	18:10:06	29:24:06	2:48:06	Lagtime [590]
F	0.560	-0.503	-0.470	-0.480	-0.013	-0.010	0.010	-0.008	-0.010	-0.008	-0.008	0.008	Max V [590]
	1.000	1.000	1.000	1.000	1.000	1.000	1.000	1.000	1.000	1.000	1.000	1.000	R-Squared [590]
	16:30:06	46:30:06	44:30:06	46:30:06	28:30:06	20:30:06	29:30:06	20:30:06	20:30:06	20:30:06	28:30:06	4:30:06	t at Max V [590]
	12:19:34	46:49:10	?????	47:27:49	28:00:06	20:30:06	29:40:06	21:00:06	20:30:06	20:48:06	28:36:06	5:00:06	Lagtime [590]
G	-0.008	-0.008	-0.012	-0.010	0.010	-0.010	-0.010	-0.010	-0.008	0.012	-0.008	-0.008	Max V [590]
	1.000	1.000	1.000	1.000	1.000	1.000	1.000	1.000	1.000	1.000	1.000	1.000	R-Squared [590]
	10:30:06	10:30:06	28:30:06	28:30:06	27:30:06	28:30:06	28:30:06	31:30:06	10:30:06	19:30:06	10:30:06	2:30:06	t at Max V [590]
	10:36:06	10:48:06	28:25:49	28:20:06	27:30:06	27:50:06	28:40:06	31:30:06	10:24:06	19:25:49	10:24:06	3:00:06	Lagtime [590]
H	-0.008	-0.010	-0.008	-0.008	-0.010	-0.010	0.012	-0.008	0.010	0.010	-0.010	-0.012	Max V [590]
	1.000	1.000	1.000	1.000	1.000	1.000	1.000	1.000	1.000	1.000	1.000	1.000	R-Squared [590]
	18:30:06	3:30:06	2:30:06	20:30:06	28:30:06	20:30:06	35:30:06	3:30:06	19:30:06	41:30:06	28:30:06	20:30:06	t at Max V [590]
	18:36:06	4:00:06	2:36:06	20:12:06	28:30:06	20:30:06	36:00:06	2:48:06	19:50:06	41:40:06	28:30:06	20:34:23	Lagtime [590]

