Time	T° 590	A1	A2	A3	A4	A5	A6	A7	A8	A9	A10	A11	A12	B1	B2	B3	B4	B5	B6	B7	B8	B9	B10	B11	B12	C1	C2	C3	C4	C5	C6	C7	C8	C9	C10	C11	C12	D1	D2	D3	D4	D5	D6	D7	D8	D9	D10	D11	D12	E1	E2	E3	E4	E5	E6	E7	E8	E9	E10	E11	E12	F1	F2	F3	F4	F5	F6	F7	F8	F9	F10	F11	F12	G1	G2	G3	G4	G5	G6	G7	G8	G9	G10	G11	G12	H1	H2	H3	H4	H5	H6	H7	H8	H9	H10	H11	H12
0:00:06	26.9	0.048	0.047	0.047	0.050	0.051	0.049	0.048	0.047	0.051	0.048	0.048	0.051	0.049	0.048	0.049	0.050	0.051	0.050	0.048	0.048	0.049	0.050	0.051	0.051	0.052	0.052	0.050	0.051	0.053	0.051	0.053	0.051	0.051	0.053	0.053	0.052	0.050	0.050	0.049	0.048	0.049	0.049	0.049	0.048	0.048	0.049	0.050	0.049	0.044	0.047	0.046	0.056	0.068	0.097	0.063	0.048	0.042	0.049	0.047	0.047	0.050	0.050	0.053	0.053	0.053	0.050	0.051	0.053	0.051	0.050	0.052	0.050	0.052	0.055	0.056	0.056	0.053	0.052	0.053	0.052	0.055	0.052	0.052	0.053	0.051	0.053	0.051	0.051	0.052	0.051	0.051	0.052	0.053	0.050	0.051	0.057
1:00:06	26.5	0.048	0.047	0.048	0.050	0.051	0.049	0.049	0.048	0.052	0.048	0.049	0.059	0.049	0.048	0.049	0.050	0.051	0.050	0.048	0.048	0.050	0.051	0.051	0.052	0.055	0.056	0.053	0.055	0.057	0.054	0.057	0.054	0.053	0.056	0.058	0.055	0.050	0.050	0.049	0.049	0.049	0.050	0.050	0.049	0.049	0.049	0.055	0.049	0.042	0.047	0.047	0.052	0.060	0.078	0.055	0.049	0.043	0.048	0.046	0.045	0.053	0.052	0.056	0.056	0.056	0.053	0.053	0.055	0.053	0.053	0.054	0.055	0.060	0.063	0.064	0.065	0.061	0.060	0.061	0.060	0.061	0.059	0.057	0.059	0.056	0.059	0.056	0.057	0.058	0.056	0.057	0.059	0.058	0.056	0.058	0.062
2:00:06	26.5	0.048	0.047	0.048	0.050	0.051	0.049	0.049	0.048	0.053	0.049	0.049	0.051	0.049	0.048	0.049	0.050	0.051	0.051	0.048	0.048	0.049	0.051	0.051	0.052	0.063	0.065	0.063	0.070	0.068	0.063	0.066	0.063	0.060	0.064	0.072	0.062	0.049	0.051	0.049	0.049	0.049	0.050	0.050	0.049	0.049	0.049	0.051	0.049	0.041	0.046	0.046	0.051	0.055	0.061	0.051	0.048	0.042	0.046	0.045	0.043	0.057	0.056	0.059	0.059	0.059	0.057	0.057	0.059	0.058	0.056	0.057	0.056	0.071	0.075	0.076	0.079	0.071	0.073	0.072	0.072	0.072	0.071	0.070	0.070	0.069	0.073	0.069	0.072	0.074	0.070	0.073	0.076	0.071	0.071	0.072	0.076
3:00:07	26.4	0.048	0.047	0.050	0.050	0.051	0.050	0.049	0.048	0.053	0.049	0.049	0.051	0.049	0.048	0.049	0.050	0.051	0.050	0.048	0.048	0.051	0.051	0.051	0.052	0.080	0.086	0.079	0.087	0.087	0.082	0.082	0.083	0.078	0.081	0.081	0.079	0.049	0.051	0.049	0.049	0.049	0.050	0.050	0.049	0.049	0.049	0.050	0.049	0.040	0.044	0.045	0.050	0.054	0.055	0.051	0.049	0.044	0.045	0.044	0.042	0.062	0.062	0.066	0.065	0.065	0.063	0.064	0.065	0.065	0.063	0.063	0.062	0.088	0.094	0.093	0.099	0.090	0.091	0.091	0.090	0.089	0.089	0.085	0.087	0.098	0.107	0.105	0.106	0.111	0.109	0.110	0.116	0.102	0.103	0.120	0.108
3:36:36	26.4	0.048	0.048	0.048	0.050	0.051	0.050	0.049	0.048	0.054	0.049	0.049	0.051	0.049	0.048	0.049	0.050	0.051	0.050	0.048	0.048	0.049	0.051	0.051	0.052	0.100	0.101	0.095	0.101	0.104	0.098	0.099	0.101	0.094	0.099	0.095	0.095	0.049	0.051	0.049	0.049	0.049	0.050	0.050	0.049	0.049	0.049	0.055	0.049	0.040	0.044	0.046	0.051	0.056	0.053	0.052	0.051	0.042	0.045	0.044	0.041	0.068	0.068	0.071	0.071	0.071	0.068	0.069	0.071	0.071	0.069	0.069	0.067	0.100	0.108	0.107	0.112	0.104	0.104	0.104	0.104	0.101	0.104	0.106	0.101	0.123	0.141	0.135	0.137	0.142	0.140	0.145	0.159	0.133	0.133	0.156	0.137
4:36:37	26.4	0.049	0.048	0.049	0.051	0.052	0.051	0.050	0.049	0.054	0.049	0.050	0.052	0.049	0.048	0.049	0.050	0.051	0.050	0.049	0.049	0.049	0.053	0.051	0.052	0.124	0.128	0.118	0.129	0.133	0.126	0.129	0.124	0.114	0.118	0.124	0.114	0.049	0.051	0.050	0.049	0.050	0.050	0.050	0.049	0.049	0.050	0.056	0.049	0.040	0.045	0.046	0.051	0.054	0.051	0.052	0.051	0.043	0.045	0.044	0.042	0.081	0.082	0.087	0.085	0.085	0.083	0.083	0.085	0.086	0.084	0.083	0.080	0.129	0.137	0.138	0.144	0.135	0.135	0.134	0.133	0.130	0.135	0.131	0.129	0.174	0.178	0.175	0.169	0.175	0.176	0.175	0.186	0.163	0.157	0.184	0.165
5:36:39	26.3	0.050	0.049	0.050	0.052	0.054	0.052	0.051	0.050	0.055	0.050	0.051	0.057	0.049	0.048	0.050	0.051	0.052	0.050	0.049	0.049	0.055	0.052	0.052	0.052	0.147	0.154	0.141	0.153	0.158	0.150	0.153	0.147	0.137	0.141	0.144	0.135	0.050	0.051	0.050	0.050	0.050	0.051	0.051	0.050	0.050	0.050	0.057	0.050	0.041	0.046	0.048	0.051	0.055	0.052	0.052	0.052	0.044	0.046	0.044	0.042	0.105	0.105	0.111	0.109	0.108	0.106	0.106	0.110	0.111	0.109	0.107	0.102	0.152	0.155	0.156	0.162	0.154	0.151	0.152	0.152	0.145	0.146	0.147	0.144	0.185	0.205	0.196	0.182	0.192	0.185	0.189	0.194	0.178	0.168	0.197	0.178
6:36:40	26.1	0.052	0.051	0.052	0.054	0.055	0.053	0.052	0.052	0.056	0.052	0.052	0.054	0.049	0.048	0.049	0.050	0.052	0.059	0.049	0.049	0.050	0.051	0.052	0.052	0.163	0.182	0.167	0.182	0.183	0.174	0.175	0.171	0.156	0.162	0.163	0.156	0.050	0.051	0.050	0.050	0.050	0.051	0.051	0.050	0.049	0.050	0.059	0.050	0.041	0.049	0.049	0.051	0.058	0.052	0.054	0.050	0.046	0.047	0.045	0.041	0.132	0.132	0.141	0.135	0.135	0.134	0.133	0.138	0.139	0.137	0.133	0.131	0.164	0.167	0.167	0.173	0.167	0.164	0.164	0.163	0.156	0.158	0.154	0.154	0.183	0.213	0.217	0.191	0.194	0.188	0.192	0.194	0.189	0.185	0.220	0.190
7:36:41	26.0	0.056	0.054	0.056	0.057	0.059	0.057	0.055	0.055	0.059	0.056	0.056	0.057	0.050	0.049	0.050	0.051	0.052	0.050	0.049	0.049	0.049	0.051	0.051	0.052	0.177	0.205	0.181	0.201	0.206	0.194	0.193	0.195	0.175	0.179	0.174	0.171	0.050	0.052	0.051	0.050	0.051	0.051	0.051	0.050	0.049	0.050	0.058	0.050	0.040	0.049	0.049	0.051	0.056	0.053	0.052	0.051	0.045	0.047	0.046	0.041	0.157	0.160	0.165	0.162	0.159	0.161	0.160	0.163	0.167	0.163	0.158	0.153	0.169	0.173	0.175	0.180	0.171	0.169	0.169	0.168	0.163	0.163	0.157	0.158	0.193	0.234	0.213	0.203	0.204	0.203	0.203	0.213	0.200	0.195	0.229	0.205
8:36:41	25.9	0.061	0.059	0.061	0.063	0.064	0.062	0.060	0.060	0.064	0.061	0.061	0.062	0.050	0.049	0.050	0.051	0.052	0.057	0.049	0.049	0.050	0.051	0.052	0.052	0.195	0.230	0.198	0.228	0.237	0.220	0.208	0.222	0.185	0.204	0.190	0.185	0.050	0.052	0.051	0.051	0.051	0.051	0.052	0.050	0.051	0.051	0.057	0.051	0.041	0.052	0.048	0.048	0.055	0.053	0.050	0.052	0.045	0.048	0.048	0.041	0.175	0.180	0.187	0.184	0.181	0.182	0.181	0.185	0.191	0.186	0.181	0.175	0.175	0.182	0.182	0.188	0.180	0.178	0.178	0.176	0.171	0.172	0.167	0.167	0.200	0.243	0.232	0.220	0.219	0.219	0.215	0.225	0.212	0.210	0.230	0.210
9:36:42	25.8	0.066	0.065	0.067	0.069	0.070	0.068	0.066	0.066	0.069	0.066	0.067	0.066	0.050	0.049	0.051	0.051	0.052	0.059	0.050	0.049	0.050	0.051	0.052	0.052	0.200	0.245	0.210	0.239	0.256	0.238	0.226	0.236	0.195	0.214	0.202	0.199	0.051	0.053	0.052	0.052	0.052	0.052	0.053	0.051	0.051	0.052	0.054	0.051	0.040	0.051	0.048	0.048	0.055	0.051	0.050	0.051	0.044	0.048	0.048	0.041	0.194	0.201	0.204	0.203	0.199	0.202	0.201	0.203	0.211	0.207	0.197	0.192	0.177	0.186	0.189	0.191	0.185	0.184	0.181	0.178	0.174	0.174	0.169	0.167	0.181	0.237	0.207	0.204	0.202	0.204	0.199	0.204	0.186	0.187	0.207	0.168
10:36:44	25.8	0.075	0.073	0.076	0.077	0.078	0.076	0.072	0.074	0.077	0.074	0.074	0.072	0.050	0.049	0.050	0.051	0.052	0.051	0.049	0.049	0.050	0.052	0.052	0.052	0.205	0.262	0.215	0.278	0.291	0.256	0.236	0.262	0.201	0.233	0.238	0.212	0.052	0.053	0.053	0.052	0.052	0.053	0.053	0.051	0.051	0.052	0.053	0.051	0.040	0.049	0.045	0.048	0.055	0.050	0.050	0.049	0.045	0.048	0.047	0.040	0.214	0.223	0.228	0.227	0.223	0.227	0.224	0.227	0.234	0.231	0.221	0.213	0.183	0.193	0.195	0.197	0.192	0.192	0.186	0.185	0.180	0.181	0.176	0.173	0.152	0.215	0.193	0.186	0.179	0.175	0.173	0.172	0.162	0.150	0.206	0.133
11:36:45	25.9	0.086	0.085	0.088	0.090	0.090	0.088	0.082	0.087	0.090	0.084	0.088	0.081	0.050	0.049	0.051	0.052	0.053	0.062	0.050	0.050	0.051	0.053	0.053	0.053	0.208	0.264	0.231	0.273	0.299	0.284	0.254	0.277	0.210	0.245	0.269	0.223	0.053	0.055	0.054	0.054	0.054	0.054	0.055	0.053	0.053	0.054	0.055	0.053	0.040	0.051	0.049	0.049	0.053	0.051	0.050	0.047	0.043	0.048	0.045	0.041	0.239	0.245	0.254	0.250	0.245	0.250	0.247	0.250	0.256	0.252	0.243	0.234	0.185	0.196	0.198	0.201	0.196	0.197	0.191	0.189	0.184	0.185	0.181	0.179	0.127	0.185	0.164	0.169	0.157	0.152	0.146	0.145	0.134	0.127	0.123	0.112
12:36:46	26.0	0.105	0.106	0.112	0.114	0.113	0.109	0.097	0.110	0.109	0.102	0.110	0.096	0.053	0.050	0.051	0.052	0.053	0.052	0.050	0.051	0.051	0.054	0.054	0.054	0.232	0.287	0.243	0.280	0.285	0.279	0.243	0.302	0.218	0.256	0.256	0.249	0.054	0.056	0.056	0.056	0.055	0.056	0.057	0.054	0.055	0.058	0.056	0.055	0.041	0.049	0.046	0.049	0.051	0.049	0.050	0.047	0.043	0.046	0.044	0.042	0.264	0.265	0.274	0.270	0.266	0.271	0.268	0.272	0.278	0.273	0.265	0.252	0.187	0.200	0.201	0.203	0.199	0.195	0.195	0.193	0.188	0.189	0.184	0.183	0.105	0.147	0.131	0.141	0.135	0.125	0.128	0.124	0.123	0.120	0.117	0.117
13:36:47	26.1	0.120	0.123	0.132	0.131	0.131	0.129	0.115	0.131	0.130	0.121	0.120	0.110	0.050	0.050	0.052	0.053	0.053	0.052	0.051	0.051	0.051	0.056	0.054	0.056	0.243	0.307	0.256	0.327	0.264	0.287	0.267	0.275	0.223	0.257	0.247	0.238	0.056	0.059	0.059	0.059	0.058	0.059	0.060	0.056	0.057	0.064	0.059	0.057	0.041	0.048	0.045	0.049	0.050	0.051	0.049	0.047	0.042	0.046	0.043	0.042	0.286	0.282	0.293	0.288	0.285	0.291	0.287	0.291	0.296	0.292	0.283	0.269	0.187	0.204	0.205	0.205	0.200	0.195	0.197	0.193	0.188	0.190	0.185	0.182	0.106	0.140	0.131	0.133	0.130	0.130	0.128	0.128	0.122	0.121	0.121	0.120
14:36:47	26.1	0.141	0.144	0.154	0.151	0.155	0.153	0.137	0.145	0.147	0.146	0.151	0.125	0.052	0.051	0.052	0.053	0.054	0.053	0.051	0.052	0.053	0.061	0.058	0.059	0.250	0.293	0.262	0.298	0.280	0.307	0.297	0.299	0.268	0.278	0.285	0.217	0.060	0.062	0.064	0.063	0.062	0.063	0.064	0.059	0.061	0.075	0.063	0.063	0.041	0.047	0.044	0.049	0.052	0.050	0.048	0.047	0.043	0.045	0.042	0.042	0.301	0.302	0.308	0.306	0.306	0.310	0.305	0.312	0.315	0.313	0.303	0.279	0.191	0.207	0.208	0.211	0.206	0.200	0.202	0.200	0.195	0.194	0.191	0.189	0.110	0.138	0.140	0.138	0.138	0.128	0.131	0.133	0.124	0.125	0.123	0.124
15:36:48	26.1	0.158	0.166	0.173	0.173	0.173	0.174	0.168	0.164	0.166	0.164	0.173	0.143	0.054	0.051	0.053	0.054	0.055	0.053	0.052	0.054	0.055	0.074	0.060	0.068	0.264	0.434	0.308	0.378	0.327	0.341	0.269	0.323	0.290	0.303	0.357	0.265	0.066	0.068	0.070	0.069	0.067	0.069	0.071	0.065	0.067	0.088	0.070	0.071	0.041	0.045	0.044	0.046	0.052	0.049	0.048	0.046	0.042	0.043	0.042	0.042	0.310	0.313	0.323	0.320	0.321	0.322	0.318	0.326	0.329	0.324	0.315	0.278	0.192	0.209	0.211	0.214	0.208	0.208	0.204	0.202	0.198	0.198	0.193	0.191	0.119	0.134	0.137	0.135	0.136	0.130	0.136	0.133	0.125	0.131	0.123	0.127
16:36:48	26.2	0.166	0.184	0.182	0.189	0.197	0.188	0.186	0.185	0.183	0.183	0.190	0.161	0.053	0.052	0.054	0.055	0.056	0.055	0.054	0.057	0.056	0.087	0.071	0.083	0.281	0.524	0.428	0.470	0.480	0.462	0.276	0.388	0.340	0.360	0.393	0.314	0.075	0.076	0.080	0.077	0.076	0.078	0.081	0.073	0.078	0.111	0.078	0.082	0.041	0.045	0.045	0.047	0.051	0.049	0.047	0.045	0.042	0.044	0.042	0.042	0.318	0.320	0.328	0.325	0.324	0.329	0.324	0.332	0.335	0.329	0.318	0.278	0.192	0.211	0.212	0.214	0.207	0.204	0.203	0.202	0.196	0.198	0.194	0.190	0.130	0.140	0.155	0.142	0.138	0.138	0.136	0.141	0.131	0.129	0.124	0.134
17:36:49	26.3	0.187	0.210	0.207	0.215	0.229	0.213	0.208	0.200	0.202	0.207	0.217	0.171	0.054	0.054	0.056	0.057	0.057	0.056	0.056	0.065	0.059	0.116	0.088	0.112	0.303	0.535	0.477	0.506	0.508	0.466	0.551	0.433	0.442	0.437	0.486	0.435	0.090	0.089	0.095	0.089	0.088	0.093	0.094	0.087	0.087	0.156	0.092	0.095	0.041	0.045	0.045	0.047	0.050	0.048	0.048	0.044	0.042	0.043	0.042	0.042	0.320	0.327	0.339	0.333	0.333	0.340	0.334	0.342	0.347	0.337	0.327	0.282	0.196	0.214	0.217	0.219	0.212	0.213	0.209	0.207	0.204	0.203	0.200	0.194	0.137	0.148	0.151	0.146	0.143	0.140	0.141	0.143	0.139	0.133	0.127	0.131
18:36:50	26.3	0.187	0.227	0.230	0.232	0.253	0.229	0.225	0.220	0.217	0.239	0.214	0.184	0.056	0.056	0.058	0.059	0.060	0.064	0.059	0.077	0.063	0.151	0.108	0.135	0.281	0.501	0.500	0.452	0.495	0.528	0.563	0.524	0.463	0.476	0.493	0.440	0.099	0.103	0.110	0.099	0.099	0.104	0.104	0.099	0.098	0.197	0.108	0.113	0.042	0.044	0.044	0.046	0.048	0.048	0.048	0.044	0.042	0.043	0.043	0.042	0.319	0.332	0.342	0.335	0.336	0.343	0.336	0.347	0.351	0.342	0.332	0.284	0.195	0.216	0.218	0.222	0.215	0.211	0.212	0.209	0.206	0.205	0.202	0.192	0.140	0.149	0.148	0.145	0.143	0.142	0.145	0.145	0.143	0.144	0.130	0.130
19:36:51	26.2	0.196	0.245	0.247	0.250	0.266	0.242	0.241	0.238	0.235	0.244	0.226	0.219	0.059	0.059	0.061	0.062	0.063	0.062	0.063	0.097	0.069	0.210	0.139	0.164	0.432	0.547	0.491	0.497	0.497	0.512	0.473	0.484	0.464	0.489	0.506	0.447	0.108	0.115	0.122	0.108	0.108	0.118	0.113	0.110	0.106	0.236	0.119	0.133	0.042	0.045	0.044	0.046	0.048	0.048	0.048	0.045	0.042	0.044	0.044	0.042	0.320	0.335	0.344	0.338	0.337	0.349	0.337	0.350	0.356	0.346	0.333	0.285	0.196	0.219	0.223	0.226	0.218	0.214	0.215	0.213	0.209	0.210	0.206	0.192	0.139	0.150	0.157	0.150	0.146	0.141	0.147	0.150	0.144	0.137	0.131	0.129
21:34:48	26.3	0.193	0.238	0.255	0.274	0.303	0.283	0.263	0.240	0.228	0.260	0.251	0.238	0.072	0.071	0.074	0.074	0.075	0.074	0.080	0.169	0.091	0.275	0.205	0.219	0.430	0.482	0.488	0.470	0.452	0.490	0.498	0.488	0.495	0.477	0.481	0.364	0.125	0.130	0.142	0.126	0.122	0.135	0.130	0.124	0.122	0.297	0.155	0.194	0.048	0.046	0.045	0.048	0.049	0.049	0.054	0.045	0.042	0.049	0.048	0.043	0.313	0.346	0.348	0.349	0.349	0.364	0.356	0.359	0.374	0.355	0.345	0.303	0.206	0.230	0.234	0.241	0.229	0.226	0.228	0.226	0.223	0.222	0.217	0.215	0.134	0.163	0.177	0.155	0.165	0.146	0.147	0.150	0.144	0.139	0.133	0.130
22:34:46	26.4	0.193	0.221	0.235	0.235	0.299	0.280	0.231	0.237	0.223	0.248	0.281	0.238	0.084	0.086	0.088	0.086	0.088	0.087	0.094	0.199	0.102	0.271	0.220	0.235	0.404	0.479	0.475	0.500	0.476	0.482	0.510	0.537	0.464	0.547	0.497	0.312	0.133	0.135	0.144	0.133	0.128	0.140	0.135	0.132	0.130	0.295	0.180	0.203	0.042	0.044	0.043	0.050	0.048	0.048	0.053	0.045	0.042	0.047	0.051	0.043	0.304	0.337	0.355	0.357	0.346	0.349	0.348	0.355	0.359	0.361	0.339	0.292	0.198	0.222	0.233	0.239	0.229	0.228	0.226	0.227	0.213	0.215	0.216	0.208	0.130	0.159	0.148	0.154	0.153	0.146	0.148	0.150	0.153	0.135	0.140	0.125
23:34:46	26.3	0.193	0.215	0.226	0.230	0.285	0.262	0.213	0.213	0.213	0.267	0.290	0.239	0.099	0.101	0.104	0.100	0.102	0.101	0.099	0.226	0.116	0.291	0.239	0.270	0.384	0.476	0.482	0.495	0.511	0.511	0.549	0.467	0.460	0.387	0.478	0.281	0.134	0.136	0.141	0.138	0.133	0.141	0.139	0.138	0.144	0.327	0.180	0.234	0.042	0.043	0.043	0.050	0.051	0.048	0.053	0.044	0.041	0.046	0.051	0.043	0.297	0.334	0.347	0.355	0.346	0.349	0.342	0.355	0.357	0.358	0.334	0.286	0.199	0.225	0.238	0.236	0.226	0.224	0.212	0.223	0.219	0.222	0.214	0.205	0.133	0.160	0.144	0.162	0.156	0.148	0.149	0.155	0.146	0.139	0.134	0.122
24:34:47	26.4	0.187	0.215	0.241	0.234	0.285	0.261	0.211	0.208	0.205	0.285	0.291	0.241	0.107	0.112	0.115	0.111	0.113	0.115	0.106	0.254	0.144	0.316	0.236	0.306	0.385	0.503	0.478	0.491	0.505	0.507	0.480	0.482	0.486	0.348	0.520	0.285	0.145	0.144	0.143	0.153	0.149	0.157	0.155	0.153	0.154	0.347	0.184	0.264	0.042	0.043	0.043	0.051	0.048	0.047	0.053	0.043	0.041	0.045	0.058	0.043	0.299	0.337	0.342	0.350	0.346	0.345	0.344	0.355	0.362	0.353	0.332	0.282	0.203	0.226	0.234	0.234	0.225	0.223	0.220	0.224	0.219	0.227	0.213	0.200	0.128	0.164	0.150	0.164	0.156	0.156	0.153	0.160	0.154	0.136	0.132	0.123
25:34:48	26.3	0.183	0.207	0.232	0.222	0.288	0.246	0.205	0.203	0.203	0.292	0.280	0.239	0.115	0.123	0.126	0.122	0.123	0.121	0.116	0.279	0.141	0.338	0.272	0.360	0.426	0.538	0.487	0.536	0.490	0.526	0.463	0.468	0.476	0.380	0.479	0.298	0.160	0.159	0.157	0.167	0.166	0.168	0.170	0.166	0.168	0.353	0.187	0.288	0.042	0.043	0.043	0.054	0.047	0.046	0.053	0.042	0.040	0.044	0.058	0.043	0.297	0.336	0.337	0.343	0.344	0.339	0.341	0.350	0.360	0.348	0.342	0.277	0.206	0.224	0.229	0.233	0.224	0.225	0.221	0.221	0.219	0.228	0.212	0.194	0.125	0.156	0.141	0.154	0.159	0.158	0.157	0.155	0.157	0.143	0.131	0.118
26:34:49	26.3	0.188	0.199	0.224	0.223	0.282	0.243	0.204	0.197	0.199	0.283	0.288	0.234	0.126	0.133	0.135	0.131	0.133	0.130	0.125	0.298	0.154	0.364	0.276	0.293	0.354	0.499	0.523	0.563	0.513	0.520	0.462	0.469	0.476	0.375	0.527	0.287	0.174	0.175	0.173	0.181	0.181	0.182	0.184	0.181	0.183	0.348	0.191	0.296	0.042	0.042	0.043	0.055	0.048	0.047	0.054	0.042	0.040	0.043	0.055	0.044	0.287	0.332	0.331	0.340	0.340	0.335	0.337	0.344	0.348	0.342	0.351	0.277	0.201	0.222	0.227	0.231	0.222	0.228	0.220	0.220	0.220	0.219	0.210	0.191	0.128	0.159	0.144	0.160	0.153	0.149	0.156	0.154	0.154	0.135	0.128	0.121
27:34:49	26.2	0.181	0.199	0.213	0.211	0.277	0.232	0.210	0.205	0.208	0.277	0.277	0.234	0.135	0.142	0.141	0.140	0.141	0.138	0.137	0.302	0.183	0.368	0.301	0.286	0.290	0.510	0.521	0.534	0.574	0.549	0.468	0.496	0.494	0.405	0.517	0.270	0.186	0.189	0.187	0.196	0.195	0.197	0.201	0.197	0.198	0.333	0.192	0.297	0.043	0.042	0.043	0.055	0.047	0.046	0.055	0.043	0.040	0.043	0.068	0.044	0.286	0.327	0.327	0.334	0.333	0.329	0.331	0.338	0.342	0.335	0.361	0.290	0.194	0.220	0.223	0.228	0.220	0.226	0.220	0.221	0.217	0.215	0.209	0.189	0.135	0.168	0.146	0.166	0.160	0.155	0.155	0.158	0.159	0.143	0.132	0.121
28:34:51	26.2	0.179	0.207	0.213	0.214	0.264	0.213	0.204	0.204	0.204	0.275	0.273	0.230	0.141	0.149	0.149	0.145	0.148	0.146	0.144	0.313	0.192	0.401	0.343	0.299	0.340	0.545	0.493	0.536	0.524	0.525	0.430	0.471	0.498	0.413	0.517	0.250	0.197	0.207	0.203	0.213	0.213	0.214	0.219	0.216	0.214	0.327	0.199	0.298	0.043	0.042	0.043	0.055	0.047	0.046	0.055	0.042	0.040	0.043	0.075	0.044	0.279	0.325	0.323	0.330	0.334	0.327	0.328	0.332	0.345	0.335	0.384	0.297	0.191	0.217	0.221	0.223	0.218	0.215	0.218	0.218	0.217	0.224	0.207	0.184	0.139	0.174	0.152	0.170	0.162	0.160	0.162	0.167	0.183	0.148	0.138	0.121
29:34:52	26.2	0.173	0.209	0.229	0.215	0.251	0.225	0.211	0.206	0.208	0.267	0.264	0.219	0.149	0.157	0.156	0.154	0.155	0.152	0.149	0.308	0.205	0.396	0.349	0.297	0.325	0.578	0.483	0.509	0.495	0.522	0.417	0.464	0.473	0.429	0.516	0.240	0.211	0.224	0.220	0.228	0.231	0.232	0.237	0.235	0.233	0.315	0.201	0.282	0.043	0.042	0.043	0.055	0.046	0.046	0.056	0.042	0.040	0.044	0.077	0.044	0.278	0.325	0.323	0.329	0.328	0.327	0.327	0.332	0.350	0.346	0.377	0.299	0.185	0.215	0.222	0.222	0.219	0.216	0.217	0.218	0.217	0.210	0.207	0.180	0.139	0.172	0.153	0.169	0.166	0.161	0.166	0.169	0.165	0.146	0.135	0.118
30:34:52	26.0	0.170	0.200	0.218	0.222	0.240	0.218	0.207	0.206	0.208	0.257	0.252	0.216	0.157	0.164	0.167	0.161	0.162	0.166	0.159	0.310	0.215	0.389	0.369	0.286	0.265	0.548	0.477	0.512	0.461	0.504	0.471	0.464	0.470	0.439	0.536	0.240	0.221	0.242	0.240	0.246	0.247	0.248	0.253	0.250	0.247	0.307	0.207	0.287	0.043	0.042	0.043	0.055	0.046	0.046	0.055	0.042	0.041	0.045	0.076	0.044	0.273	0.324	0.320	0.329	0.328	0.326	0.325	0.332	0.356	0.351	0.374	0.300	0.180	0.214	0.223	0.221	0.219	0.217	0.217	0.216	0.218	0.212	0.205	0.177	0.130	0.171	0.152	0.167	0.167	0.162	0.168	0.171	0.162	0.144	0.134	0.120
31:34:54	25.8	0.164	0.196	0.206	0.204	0.235	0.214	0.198	0.200	0.202	0.253	0.246	0.209	0.164	0.173	0.176	0.168	0.172	0.169	0.169	0.305	0.235	0.388	0.362	0.282	0.202	0.531	0.495	0.532	0.456	0.516	0.453	0.473	0.483	0.437	0.541	0.232	0.228	0.260	0.255	0.259	0.258	0.260	0.265	0.264	0.264	0.298	0.209	0.269	0.043	0.042	0.043	0.055	0.045	0.045	0.055	0.043	0.041	0.048	0.077	0.044	0.270	0.320	0.316	0.325	0.324	0.323	0.320	0.328	0.375	0.366	0.367	0.298	0.175	0.214	0.219	0.218	0.216	0.214	0.213	0.213	0.213	0.208	0.200	0.171	0.135	0.171	0.147	0.164	0.163	0.159	0.163	0.169	0.164	0.144	0.131	0.113
32:34:55	25.7	0.159	0.195	0.201	0.199	0.227	0.209	0.196	0.196	0.198	0.246	0.247	0.201	0.177	0.193	0.189	0.188	0.185	0.183	0.186	0.294	0.249	0.392	0.363	0.277	0.213	0.471	0.479	0.529	0.445	0.498	0.438	0.474	0.505	0.434	0.520	0.234	0.245	0.279	0.273	0.278	0.280	0.280	0.285	0.283	0.281	0.294	0.212	0.269	0.043	0.041	0.043	0.055	0.045	0.045	0.055	0.043	0.041	0.044	0.072	0.044	0.267	0.321	0.316	0.325	0.325	0.324	0.321	0.327	0.399	0.389	0.364	0.297	0.173	0.212	0.221	0.218	0.221	0.219	0.218	0.218	0.217	0.211	0.202	0.173	0.129	0.169	0.144	0.165	0.162	0.157	0.162	0.168	0.161	0.142	0.129	0.115
33:34:56	25.8	0.153	0.189	0.200	0.197	0.221	0.204	0.193	0.191	0.196	0.249	0.244	0.195	0.184	0.206	0.204	0.199	0.196	0.194	0.194	0.283	0.258	0.381	0.351	0.270	0.239	0.555	0.517	0.508	0.475	0.493	0.443	0.469	0.526	0.423	0.570	0.227	0.254	0.295	0.290	0.292	0.293	0.293	0.297	0.297	0.295	0.289	0.212	0.261	0.043	0.041	0.043	0.054	0.045	0.045	0.054	0.043	0.041	0.044	0.071	0.044	0.265	0.319	0.314	0.322	0.323	0.322	0.319	0.324	0.378	0.381	0.361	0.293	0.171	0.212	0.220	0.219	0.221	0.215	0.216	0.218	0.218	0.210	0.200	0.166	0.120	0.168	0.142	0.154	0.161	0.155	0.160	0.162	0.158	0.139	0.126	0.108
34:34:56	25.8	0.147	0.187	0.197	0.195	0.217	0.203	0.191	0.189	0.192	0.239	0.234	0.188	0.186	0.214	0.200	0.208	0.210	0.208	0.205	0.275	0.276	0.373	0.340	0.265	0.211	0.519	0.495	0.490	0.486	0.481	0.476	0.473	0.557	0.417	0.570	0.222	0.260	0.314	0.307	0.303	0.307	0.306	0.311	0.309	0.307	0.288	0.218	0.253	0.043	0.042	0.043	0.054	0.045	0.046	0.055	0.043	0.042	0.048	0.070	0.044	0.262	0.318	0.312	0.322	0.327	0.321	0.318	0.325	0.381	0.384	0.362	0.290	0.167	0.212	0.222	0.220	0.223	0.217	0.218	0.219	0.218	0.211	0.198	0.162	0.126	0.163	0.141	0.152	0.157	0.154	0.156	0.159	0.154	0.139	0.125	0.113
35:34:56	25.8	0.139	0.181	0.192	0.191	0.210	0.200	0.187	0.187	0.190	0.239	0.227	0.186	0.194	0.224	0.202	0.217	0.218	0.217	0.206	0.271	0.303	0.370	0.340	0.265	0.170	0.488	0.504	0.456	0.519	0.480	0.456	0.478	0.558	0.423	0.525	0.215	0.265	0.325	0.321	0.315	0.319	0.317	0.323	0.319	0.317	0.286	0.220	0.247	0.043	0.042	0.043	0.054	0.044	0.046	0.056	0.044	0.042	0.047	0.069	0.044	0.259	0.317	0.310	0.320	0.325	0.319	0.317	0.322	0.377	0.394	0.361	0.286	0.165	0.210	0.220	0.218	0.223	0.215	0.217	0.218	0.219	0.209	0.198	0.158	0.122	0.168	0.139	0.148	0.153	0.150	0.151	0.156	0.153	0.135	0.123	0.109
36:34:58	25.9	0.131	0.180	0.189	0.189	0.205	0.196	0.184	0.184	0.185	0.231	0.225	0.170	0.200	0.233	0.202	0.222	0.227	0.216	0.211	0.267	0.316	0.368	0.331	0.261	0.153	0.481	0.500	0.468	0.509	0.503	0.435	0.478	0.563	0.401	0.543	0.211	0.272	0.337	0.329	0.326	0.329	0.326	0.332	0.330	0.328	0.285	0.225	0.244	0.043	0.042	0.043	0.054	0.045	0.046	0.056	0.045	0.042	0.048	0.069	0.044	0.256	0.313	0.308	0.317	0.324	0.317	0.314	0.319	0.374	0.384	0.359	0.283	0.162	0.209	0.220	0.217	0.221	0.214	0.215	0.216	0.216	0.206	0.201	0.153	0.119	0.164	0.145	0.145	0.153	0.148	0.148	0.151	0.152	0.133	0.121	0.112
37:34:58	25.9	0.123	0.176	0.186	0.189	0.202	0.195	0.183	0.180	0.183	0.226	0.223	0.160	0.223	0.239	0.215	0.241	0.241	0.243	0.236	0.260	0.345	0.360	0.328	0.258	0.144	0.512	0.452	0.465	0.475	0.525	0.437	0.496	0.562	0.381	0.509	0.210	0.282	0.349	0.345	0.340	0.345	0.343	0.348	0.344	0.341	0.285	0.231	0.242	0.043	0.042	0.044	0.055	0.044	0.047	0.056	0.046	0.042	0.047	0.067	0.044	0.254	0.315	0.307	0.317	0.316	0.318	0.314	0.319	0.375	0.381	0.357	0.281	0.162	0.209	0.221	0.218	0.223	0.217	0.219	0.217	0.218	0.207	0.216	0.152	0.116	0.159	0.140	0.140	0.146	0.146	0.146	0.148	0.149	0.130	0.118	0.132
38:34:59	25.9	0.115	0.171	0.183	0.188	0.196	0.190	0.185	0.180	0.180	0.217	0.217	0.151	0.232	0.254	0.234	0.257	0.255	0.257	0.272	0.258	0.364	0.357	0.317	0.254	0.148	0.500	0.453	0.498	0.483	0.528	0.483	0.498	0.576	0.395	0.534	0.205	0.282	0.362	0.356	0.350	0.355	0.353	0.355	0.351	0.349	0.283	0.234	0.239	0.043	0.042	0.044	0.055	0.045	0.048	0.055	0.046	0.042	0.046	0.066	0.044	0.250	0.313	0.305	0.314	0.315	0.316	0.312	0.316	0.370	0.377	0.355	0.277	0.159	0.208	0.219	0.215	0.226	0.216	0.217	0.216	0.217	0.206	0.222	0.155	0.114	0.157	0.132	0.139	0.142	0.144	0.149	0.147	0.152	0.130	0.117	0.101
39:35:00	25.9	0.109	0.170	0.182	0.182	0.191	0.188	0.178	0.176	0.179	0.213	0.211	0.143	0.235	0.259	0.257	0.260	0.262	0.256	0.271	0.256	0.374	0.351	0.314	0.249	0.133	0.476	0.430	0.554	0.486	0.537	0.480	0.461	0.528	0.376	0.510	0.196	0.282	0.377	0.370	0.352	0.357	0.356	0.355	0.350	0.348	0.282	0.242	0.235	0.043	0.042	0.043	0.055	0.045	0.048	0.055	0.046	0.042	0.044	0.065	0.044	0.249	0.312	0.304	0.313	0.313	0.313	0.311	0.313	0.369	0.377	0.353	0.274	0.158	0.206	0.218	0.215	0.224	0.214	0.216	0.216	0.215	0.205	0.223	0.158	0.117	0.160	0.150	0.142	0.138	0.148	0.143	0.152	0.144	0.126	0.113	0.097
40:35:01	26.0	0.104	0.167	0.180	0.181	0.185	0.187	0.175	0.176	0.176	0.212	0.205	0.134	0.241	0.279	0.270	0.278	0.277	0.267	0.278	0.255	0.394	0.350	0.314	0.246	0.132	0.457	0.437	0.559	0.487	0.542	0.418	0.437	0.535	0.344	0.550	0.195	0.281	0.388	0.380	0.348	0.355	0.353	0.354	0.348	0.342	0.282	0.251	0.238	0.043	0.042	0.044	0.056	0.045	0.048	0.054	0.046	0.042	0.044	0.066	0.044	0.247	0.309	0.301	0.310	0.310	0.309	0.313	0.311	0.370	0.374	0.351	0.270	0.157	0.204	0.220	0.212	0.224	0.208	0.214	0.210	0.211	0.201	0.219	0.160	0.111	0.154	0.124	0.130	0.136	0.138	0.141	0.143	0.149	0.126	0.115	0.092
41:35:03	25.9	0.097	0.165	0.179	0.178	0.180	0.186	0.173	0.170	0.172	0.205	0.200	0.125	0.251	0.291	0.271	0.287	0.282	0.290	0.304	0.254	0.420	0.344	0.305	0.241	0.127	0.476	0.449	0.548	0.468	0.523	0.437	0.438	0.489	0.337	0.538	0.198	0.284	0.398	0.391	0.349	0.358	0.355	0.357	0.350	0.348	0.281	0.258	0.232	0.043	0.042	0.043	0.057	0.046	0.050	0.054	0.047	0.042	0.043	0.065	0.044	0.246	0.310	0.302	0.310	0.309	0.311	0.309	0.311	0.370	0.373	0.350	0.268	0.154	0.203	0.217	0.212	0.229	0.210	0.215	0.211	0.213	0.204	0.208	0.164	0.099	0.151	0.125	0.130	0.135	0.132	0.144	0.143	0.147	0.120	0.111	0.086
42:35:04	25.8	0.091	0.164	0.175	0.176	0.175	0.184	0.170	0.168	0.171	0.200	0.200	0.117	0.245	0.306	0.282	0.303	0.292	0.292	0.301	0.253	0.396	0.346	0.308	0.238	0.130	0.494	0.448	0.505	0.491	0.513	0.427	0.484	0.511	0.344	0.537	0.194	0.287	0.400	0.390	0.352	0.357	0.356	0.360	0.352	0.349	0.280	0.255	0.229	0.043	0.042	0.044	0.057	0.046	0.050	0.055	0.047	0.042	0.043	0.065	0.044	0.245	0.309	0.302	0.310	0.308	0.310	0.307	0.311	0.371	0.371	0.349	0.264	0.152	0.203	0.219	0.213	0.231	0.213	0.212	0.213	0.212	0.205	0.202	0.171	0.104	0.143	0.123	0.126	0.129	0.127	0.147	0.140	0.139	0.119	0.111	0.083
43:35:05	25.9	0.084	0.158	0.174	0.173	0.175	0.181	0.169	0.166	0.173	0.198	0.185	0.109	0.258	0.308	0.291	0.314	0.305	0.304	0.305	0.253	0.328	0.342	0.302	0.235	0.119	0.526	0.470	0.476	0.465	0.537	0.434	0.449	0.525	0.339	0.513	0.188	0.280	0.398	0.388	0.350	0.356	0.355	0.357	0.349	0.347	0.279	0.255	0.226	0.043	0.042	0.043	0.058	0.045	0.050	0.055	0.047	0.043	0.044	0.065	0.044	0.243	0.307	0.299	0.307	0.306	0.308	0.308	0.310	0.369	0.371	0.347	0.261	0.147	0.203	0.218	0.210	0.232	0.207	0.206	0.211	0.206	0.202	0.198	0.175	0.101	0.142	0.117	0.128	0.129	0.127	0.143	0.160	0.137	0.123	0.116	0.078
44:35:04	26.0	0.075	0.158	0.171	0.170	0.167	0.176	0.165	0.162	0.164	0.194	0.181	0.097	0.241	0.317	0.296	0.327	0.318	0.313	0.308	0.254	0.311	0.342	0.306	0.231	0.128	0.522	0.493	0.540	0.461	0.524	0.418	0.483	0.472	0.340	0.567	0.189	0.276	0.401	0.391	0.345	0.352	0.350	0.350	0.343	0.341	0.279	0.259	0.227	0.043	0.042	0.043	0.057	0.046	0.050	0.054	0.045	0.042	0.042	0.064	0.044	0.240	0.307	0.299	0.307	0.308	0.308	0.306	0.313	0.370	0.372	0.346	0.258	0.144	0.200	0.215	0.210	0.231	0.207	0.203	0.212	0.206	0.201	0.197	0.175	0.095	0.134	0.119	0.131	0.146	0.123	0.139	0.141	0.136	0.117	0.105	0.074
45:35:06	26.1	0.067	0.148	0.167	0.167	0.162	0.175	0.160	0.159	0.159	0.187	0.173	0.086	0.245	0.318	0.296	0.331	0.324	0.322	0.316	0.255	0.338	0.339	0.302	0.229	0.128	0.511	0.511	0.570	0.465	0.505	0.401	0.476	0.481	0.332	0.602	0.186	0.273	0.401	0.392	0.338	0.345	0.342	0.342	0.335	0.334	0.278	0.251	0.222	0.043	0.042	0.043	0.057	0.047	0.051	0.057	0.047	0.043	0.044	0.064	0.044	0.239	0.306	0.299	0.306	0.306	0.308	0.306	0.310	0.370	0.370	0.345	0.255	0.143	0.197	0.217	0.209	0.234	0.207	0.200	0.212	0.201	0.210	0.200	0.171	0.089	0.136	0.121	0.129	0.124	0.128	0.138	0.144	0.153	0.118	0.104	0.066
46:35:07	26.1	0.060	0.141	0.163	0.162	0.156	0.172	0.157	0.154	0.154	0.178	0.180	0.072	0.226	0.322	0.302	0.340	0.329	0.326	0.295	0.255	0.301	0.338	0.299	0.227	0.123	0.515	0.549	0.556	0.460	0.497	0.440	0.445	0.493	0.334	0.639	0.181	0.271	0.400	0.392	0.332	0.338	0.336	0.335	0.329	0.328	0.276	0.245	0.219	0.043	0.042	0.044	0.057	0.048	0.051	0.058	0.048	0.044	0.046	0.064	0.044	0.236	0.302	0.298	0.305	0.304	0.308	0.306	0.309	0.370	0.371	0.343	0.251	0.142	0.197	0.215	0.210	0.233	0.207	0.197	0.210	0.199	0.221	0.219	0.168	0.088	0.132	0.143	0.132	0.123	0.127	0.130	0.145	0.148	0.123	0.121	0.062
47:35:08	26.2	0.052	0.138	0.160	0.156	0.149	0.170	0.152	0.148	0.152	0.171	0.174	0.058	0.225	0.330	0.311	0.338	0.326	0.345	0.272	0.255	0.329	0.340	0.296	0.224	0.135	0.489	0.604	0.582	0.490	0.515	0.387	0.446	0.490	0.334	0.663	0.177	0.268	0.397	0.389	0.327	0.333	0.330	0.327	0.324	0.322	0.273	0.249	0.216	0.043	0.043	0.044	0.058	0.049	0.051	0.059	0.049	0.044	0.046	0.063	0.044	0.235	0.301	0.297	0.304	0.304	0.307	0.303	0.307	0.367	0.370	0.341	0.247	0.140	0.197	0.215	0.210	0.236	0.207	0.192	0.212	0.200	0.234	0.225	0.164	0.084	0.130	0.109	0.123	0.123	0.119	0.149	0.187	0.145	0.113	0.104	0.057
48:35:09	26.2	0.048	0.132	0.150	0.150	0.142	0.162	0.145	0.141	0.142	0.167	0.152	0.052	0.220	0.328	0.314	0.334	0.341	0.359	0.259	0.257	0.290	0.332	0.296	0.221	0.129	0.484	0.471	0.303	0.513	0.486	0.229	0.461	0.490	0.337	0.686	0.173	0.266	0.394	0.381	0.322	0.328	0.325	0.320	0.320	0.318	0.273	0.249	0.215	0.043	0.042	0.044	0.057	0.048	0.052	0.058	0.048	0.044	0.045	0.063	0.044	0.232	0.300	0.296	0.303	0.303	0.306	0.304	0.305	0.366	0.370	0.339	0.245	0.137	0.197	0.215	0.210	0.236	0.205	0.191	0.212	0.202	0.254	0.224	0.162	0.077	0.136	0.123	0.124	0.121	0.126	0.139	0.122	0.140	0.116	0.107	0.054
49:35:09	26.3	0.047	0.129	0.145	0.146	0.137	0.155	0.140	0.137	0.137	0.159	0.145	0.065	0.216	0.291	0.331	0.331	0.343	0.379	0.253	0.257	0.297	0.333	0.295	0.219	0.128	0.464	0.418	0.281	0.512	0.482	0.217	0.466	0.509	0.322	0.701	0.169	0.264	0.382	0.370	0.319	0.324	0.321	0.316	0.314	0.314	0.272	0.250	0.210	0.043	0.042	0.044	0.057	0.050	0.053	0.060	0.050	0.044	0.047	0.063	0.044	0.230	0.298	0.295	0.303	0.307	0.305	0.300	0.307	0.364	0.369	0.337	0.245	0.136	0.195	0.216	0.210	0.240	0.211	0.193	0.209	0.204	0.285	0.222	0.160	0.071	0.137	0.111	0.136	0.122	0.121	0.141	0.150	0.141	0.122	0.106	0.052
50:35:10	26.2	0.048	0.122	0.143	0.143	0.129	0.148	0.135	0.132	0.131	0.150	0.135	0.063	0.210	0.281	0.329	0.309	0.332	0.345	0.252	0.257	0.259	0.330	0.293	0.214	0.141	0.439	0.347	0.230	0.359	0.472	0.234	0.457	0.548	0.326	0.718	0.170	0.262	0.373	0.364	0.314	0.319	0.317	0.312	0.312	0.311	0.271	0.252	0.208	0.043	0.043	0.044	0.057	0.051	0.053	0.061	0.051	0.044	0.049	0.063	0.044	0.227	0.297	0.294	0.303	0.299	0.305	0.300	0.307	0.363	0.369	0.335	0.237	0.133	0.194	0.216	0.210	0.245	0.207	0.214	0.211	0.211	0.309	0.219	0.158	0.062	0.124	0.115	0.139	0.117	0.119	0.146	0.149	0.151	0.131	0.098	0.051
51:35:12	26.3	0.049	0.116	0.138	0.137	0.122	0.141	0.130	0.126	0.127	0.141	0.127	0.062	0.208	0.276	0.325	0.307	0.304	0.325	0.253	0.257	0.324	0.329	0.292	0.212	0.141	0.448	0.310	0.228	0.455	0.493	0.203	0.431	0.540	0.323	0.714	0.168	0.259	0.367	0.358	0.311	0.315	0.313	0.309	0.308	0.306	0.268	0.248	0.204	0.043	0.043	0.044	0.057	0.052	0.053	0.060	0.051	0.044	0.050	0.062	0.044	0.224	0.295	0.292	0.302	0.298	0.303	0.297	0.304	0.361	0.367	0.333	0.233	0.130	0.191	0.214	0.207	0.245	0.206	0.211	0.209	0.212	0.319	0.217	0.156	0.055	0.128	0.104	0.125	0.116	0.122	0.132	0.127	0.141	0.117	0.097	0.053
52:35:14	26.4	0.049	0.109	0.132	0.131	0.116	0.136	0.124	0.118	0.122	0.133	0.119	0.065	0.203	0.264	0.316	0.291	0.305	0.311	0.254	0.256	0.318	0.329	0.301	0.207	0.145	0.482	0.375	0.252	0.376	0.491	0.188	0.427	0.505	0.323	0.723	0.162	0.255	0.361	0.352	0.307	0.311	0.309	0.304	0.304	0.303	0.267	0.252	0.202	0.043	0.043	0.044	0.057	0.051	0.053	0.060	0.052	0.044	0.051	0.062	0.044	0.220	0.295	0.292	0.303	0.298	0.300	0.296	0.305	0.361	0.368	0.331	0.228	0.127	0.192	0.213	0.207	0.245	0.207	0.212	0.210	0.216	0.329	0.215	0.153	0.049	0.120	0.105	0.127	0.111	0.119	0.134	0.119	0.123	0.102	0.091	0.053
53:35:15	26.2	0.050	0.104	0.126	0.127	0.111	0.130	0.118	0.111	0.114	0.124	0.114	0.059	0.198	0.272	0.307	0.294	0.300	0.300	0.251	0.256	0.344	0.325	0.288	0.203	0.153	0.468	0.258	0.235	0.244	0.384	0.195	0.278	0.416	0.326	0.722	0.155	0.252	0.356	0.346	0.303	0.307	0.304	0.302	0.300	0.299	0.265	0.253	0.201	0.043	0.043	0.044	0.057	0.052	0.052	0.061	0.053	0.044	0.053	0.063	0.044	0.216	0.294	0.290	0.297	0.297	0.301	0.297	0.303	0.357	0.365	0.327	0.226	0.123	0.188	0.210	0.204	0.248	0.206	0.215	0.208	0.207	0.318	0.213	0.151	0.048	0.111	0.103	0.113	0.109	0.107	0.113	0.119	0.112	0.106	0.100	0.054
54:35:16	26.1	0.050	0.097	0.122	0.120	0.105	0.121	0.112	0.103	0.108	0.120	0.104	0.061	0.195	0.275	0.305	0.296	0.291	0.301	0.258	0.257	0.393	0.327	0.282	0.198	0.142	0.477	0.228	0.256	0.257	0.226	0.213	0.311	0.168	0.322	0.722	0.154	0.248	0.353	0.343	0.300	0.304	0.302	0.297	0.297	0.297	0.265	0.262	0.201	0.043	0.043	0.044	0.057	0.050	0.053	0.059	0.051	0.044	0.051	0.062	0.044	0.214	0.296	0.293	0.298	0.300	0.302	0.298	0.302	0.359	0.366	0.326	0.222	0.121	0.188	0.211	0.204	0.251	0.208	0.216	0.209	0.210	0.319	0.211	0.148	0.051	0.108	0.099	0.121	0.104	0.107	0.109	0.113	0.123	0.102	0.086	0.052
55:35:17	26.0	0.051	0.090	0.117	0.117	0.096	0.113	0.105	0.096	0.102	0.111	0.095	0.065	0.189	0.268	0.301	0.298	0.286	0.305	0.252	0.257	0.440	0.324	0.280	0.194	0.141	0.511	0.237	0.264	0.212	0.232	0.214	0.336	0.245	0.321	0.720	0.154	0.244	0.347	0.339	0.297	0.301	0.298	0.293	0.294	0.293	0.263	0.259	0.193	0.043	0.043	0.044	0.056	0.051	0.053	0.060	0.051	0.044	0.052	0.062	0.044	0.211	0.295	0.291	0.299	0.302	0.299	0.294	0.300	0.358	0.367	0.324	0.219	0.117	0.187	0.211	0.203	0.260	0.209	0.218	0.208	0.212	0.309	0.209	0.153	0.063	0.101	0.097	0.102	0.100	0.099	0.103	0.106	0.102	0.097	0.080	0.051